2930
4782
709
433
29861
20115
15114
2417
737
966
8863
355
23561
8272
1288
1961
746
318
2100
1890
2643
24194
10109
6587
57828
877
488
624
722
322
222
8342
3163
990
384
205
207
42
1172
28772
118
230131
210
2000
118
8501
331
94
905
4182
5240
2602
3376
941
1337
1979
2259
1689
10984
2144
1213
2026
81
245
910
548
1635
15519
3461
2609
1147
4596
1161
5934
4935
3751
8929
8409
493
1392
1427
2354
1192
256
339
819
2000
412
853
4090
1687
2260
1215
271
761
1660
2073
1513
306
15302
111
3233
4532
19542
1602
260
58
379
56411
7300
223
653
2410
67525
971
632
394
303
2471
1160
195
4213
1514
172
556
767
28
25885
179
75
14521
2845
593
3460
602
11336
17550
615
1218
82
4657
136
1538
1869
38119
14197
574
1156
14165
142
1331
285
294
6993
1060
36719
192
237
593
13720
141
140
4445
1550
844
166
468
5321
194
36
2090
1477
1521
425
293
303
721
2392
2527
6929
453
1319
2149
10268
8601
877
191
1428
109
4068
6314
545
3448
1834
2420
13955
550
1087
3997
248
3533
15182
2611
506
590
871
283
4458
783
918
23993
72989
234
15846
179652
545
311
721
2625
9778
5096
766
10183
14029
3000
254
222
490
1142
2880
2017
622
2882
176
2455
7045
250
11473
818
828
123
1526
844
104
6088
2224
2320
2034
569
1042
2881
162
538
1197
572
123
1998
2747
713
230
602
59
39875
341
684
1229
698
1282
3281
434
31
485
5208
1890
495
16893
1003
586
193205
6285
6447
202124
13845
66
1903
1006
3234
2545
332
21094
815
895
1416
13073
129
395
27
281
429
87
222
1247
2845
837
1652
543
798
132
23422
826
459
35
915
2898
1268
7085
209
27454
6524
6221
203
1730
20800
14588
181
1243
21700
13112
319
63
31100
1055
624
4961
3334
622
305
878
263
6899
689
10287
438
118
987
32696
2883
27576
294
2184
9387
5041
482
3314
545
617
1756
1274
300
152
606
2068
155
6649
5120
387
1207
360
8961
514
517
2025
517
270
13043
2129
6032
14879
752
18278
9031
314
367
473
704
546
877
2047
4782
859
653
8495
520
7539
3731
1246
2007
1951
2553
768
846
217
13040
1401
1535
16735
123
5237
6518
2027
361
4416
2100
1203
135
498
502
2031
15142
19208
93138
8374
11063
376
206
101
4770
1519
9841
3794
657
1220
1872
31121
417
2024
307
645
276
702
3153
212
173
2926
1395
816
1406
409
1313
605
7798
935
1848
676
4534
208
1081
743
175
2477
361
74
310
812
714
222
84
320
256
286174
272
436
575
90
76
207
4091
6522
37
278
419
396
839
63
120
75
178
76
2240
1195
140
949
2481
147
147
282
92
131
316
842
35252
55
513
592
652
145
231
168
346
197
5998
697
1112
2253
68
254
340
30796
452
631
265
199
34
7945
7515
400
750
388
745
112
6357
650
3150
299
88
21
718
106
269
346
402
383
211
827
355
392
341
128
474
209
85
3653
176
654
2226
379
291
180
469
219
208
8428
124
2820
80
604
41
687
73
95
237
557
163
325
125
548
370
437
962
648
364
512
797
319
3171
111
232
566
265
8747
4515
552
265
269
91
491
814
536
752
3580
231
3792
494
153
10692
205
157
2147
34284
85212
5144
5962
51735
40747
10871
3888
43878
5505
249535
11182
4252
2569
4668
11079
11361
3809
17451
766
4516
24814
13308
60611
21769
25388
1145
1834
222075
253209
7157
63688
5972
808
5083
1956
378
3446
27521
55657
5178
2701
35124
44691
467157
1765
20017
44003
7073
15184
3120
793
15547
163226
1593659
2198
4522
42749
38463
3466
26098
9832
24834
3675
25682
237844
11598
12346
43227
5686
12754
6042
2005
1969
3525
95236
4182
178519
5070
7329
1562
543910
1951
6654
3822
3336
428
9833
4911
91105
185
2358
138
133
5199
301
392
1109
834
85
759
238
145
11177
513
4474
1094
2979
173
2214
1984
465
3432
115
4544
154
9436
546
2058
1011
119
7002
96
25480
488
391
135
29884
36857
445
5303
1598
331
111
340
37
305
669
109
358
39
135
121
15983
118
571
1622
4030
966
503
362
293
3075
1772
16224
347
2123
116
23825
645
429
57
970
603
11320
786
200
1410
2454
394
212
329
229
2020
1797
1215
8637
560
2994
4702
659
104
324
1595
234
8731
2598
1070
377
334
266
59512
69
3254
1078
815
380
121
493
5409
470
112
384
2515
4516
86
2064
130
287
228
277
6215
3205
1707
692
3206
810
1122
1233
335
1404
4555
618
475
2756
769
479
108
675
19605
2522
1309
338
422
3080
206
344
2293
2390
486
182
2459
98
4681
77143
150
169
256
1356
4146
1029
13195
85547
865
146
582
61
180
424
213
237
485
358
312
2158
545
3129
132
37
749
204
280
1998
1149
3577
1129
451
573
2660
4557
3073
1237
219
8756
968
281
385
87
192
2252
563
791
2676
1406
795
265
2107
13184
797
640
3916
388
425
167
1456
7308
534
11770
744
344
105
475
848
1088
85
640
556
10383
1050
2230
293
39676
159
2634
1676
295
752
129
715
2408
688
626
202
31651
484
120
178
44
3318
568
66196
2186
667
791
1866
280
1036
426
322
775
401
107
2177
841
438
2343
1636
2225
1841
305
543
2012
460
216
1119
271
2083
3251
191933
755
1056
4677
134
177
7421
1218
300
82
1535
170
3881
76
616
743
848
882
194
2
10951
8855
1094
2820
1123
4165
99
12361
2618
1175
1266
1091
16584
2257
351
1682
5607
321
260
360
1283
111
472
1247
9199
492
159
186
6566
74
732
12486
868
3101
936
394
156
1728
1636
4858
1226
7341
92
550
409
798
60140
406
823
51
210
207
250
194
157
1265
173
751
7895
632
78
3531
684
703
25028
3565
345
1447
60
390
168
4778
189
309
250
1439
3413
91
50388
245
795
271
866
6616
215
445
497
2846
73
281
3903
293
4329
251
740
191
494
132
1722
1190
245
465
1243
807
100
59017
186
457
206
77
244
27588
239
230
125
178
1592
490
256
23341
208
3200
4602
114
29015
333
284
14872
1856
69
93
501
68490
127
1858
2211
1002
270
620
8829
438
155
428
719
580
328
766
524
30222
469
221
68
324
2057
573
6775
1603
374
156
874
306
840
201
182
22665
119
53
3559
380
296
77
1416
3521
4720
4118
6053
136
257
719
90
392
2337
27232
224
326
81
5174
680
301
46
65
143
561
697
835
427
191
395
179
845
1776
8339
1357
82
28403
22180
71201
16145
85068
41835
2748
206
16625
337896
10681
3703
101181
70109
56202
17133
17238
16182
15185
28307
7501
26198
13351
3094
16352
46672
324463
77078
28986
24521
33523
36552
72862
44581
24918
2057
26180
102804
34316
6142
1815
3428
1115
21322
1069
23342
38452
49708
3704
4302
79818
103121
27887
22095
38827
14718
7551
7685
5250
63948
38889
11211
9781
98402
3903
13765
92255
52432
42666
51113
84880
82830
73889
19254
223739
84617
35419
11431
15153
8220
93246
40168
18557
1878
1429
50495
5907
13396
93962
122224
24863
7280
151027
22225
9289
110419
7234
46781
7789
24279
38420
54278
47290
102165
35851
41555
62947
52802
4543
1540
24345
57105
20792
17400
838
4900
107117
21782
44541
1792
33899
94447
41241
22363
135285
121447
28677
16182
9866
61593
7333
140170
766
25245
9973
7099
103586
10078
1384
15220
7025
67806
188013
6580
648
11356
29259
55843
5586
205517
479918
132620
24059
58363
166332
50207
196882
49737
29553
8725
12189
12298
15363
6438
13200
6594
5098
12586
50053
15186
83945
144291
11143
71796
24623
19351
86194
2019
51002
10947
35060
5487
6321
193366
60641
8032
13878
27003
5200
85062
916
112241
7694
209716
1433
842
4236
12802
11660
11257
20563
25409
24131
31945
64680
18234
59410
5867
51099
75864
5230
78097
55547
49752
145776
15719
40466
44701
11799
17256
33871
31211
24597
24285
44427
10705
8292
81085
13368
61450
21659
20119
41095
462604
6873
11693
28622
8699
3831868
35119
29501
753
69755
12193
56692
13042
7392
36566
65631
1149
18023
35424
11621
28137
10410
45670
30276
76273
21256
13404
67895
94651
202743
37523
1455
36292
61676
27824
61571
3657
36695
17255
191754
38547
10391
72222
3517
97881
75297
56123
5302
2944
42180
10182
81680
26494
102508
53450
20497
409189
32786
172901
7807
171603
136990
10668
18686
7234
14660
187535
37987
14635
143985
51875
48181
60171
13546
26448
54997
13331
143667
19033
56153
55178
62895
10568
18939
8640
65128
49938
10095
33073
67544
1011
458
152367
52153
21555
2037
4567
49881
62937
171809
16799
40964
49458
13795
90521
69977
66711
74508
23620
98702
103165
25895
3182
7922
14738
20691
297841
53568
40921
1903
7834
54273
115677
2287
466676
5916
144278
12058
198411
41420
104423
27424
61610
360
1306300
35037
23728
815358
40276
25506
37915
4047
964695
1715
35142
78622
44075
80699
12756
92791
31065
55902
49555
340338
86353
111997
169174
56810
17071
86935
87563
28827
157468
55341
30657
7199
11266
24238
33995
7600
22846
15911
10208
10786
10834
120921
13059
28118
5173
10008
4624
21672
96286
23567
24337
62830
37909
287578
27003
133963
17119
2654
9032
12050
445
98876
38186
123520
8731
140317
79235
310
16260
57521
956
68711
72539
33634
14857
72850
72974
91991
114622
89
110921
5993
122111
92572
30607
64007
24724
8914
51053
3020
105464
35911
8459
89547
2221
47885
3560
81871
22670
4773
4948
6237
25619
7011
7688
55270
5646
66120
3296
7343
61584
50023
20382
568
1638
8756
169
761
201
108208
6089
1467
323348
6720
3332
2087
2659
5474
215
114
331
997
14
339
100160
823
77
3533
32281
207
55990
5391
2143
4397
883
123
15906
6313
3820
45691
2272
100557
2383
645
200
6437
786
366
133
439
399827
1331
44067
8632
9301
395
403
1673
109
1025
123
162
4172
543
585
1592
9253
610345
810
338
916
728
16627
567
6033
4264
269
5159
1464
319
32883
17255
6543
19481
648
12274
8356
575
431
3592
138733
7737
10469
24430
1087
934
963
8336
2744
12274
341
173
1003
1169
4829
9107
17458
577
1663
58444
431
92625
762
14341
157
5520
6299
101
65
964
1647
271
951
2225
124
1095
514
1650
723
1695
797
216
218
9651
1237
1191
1486
65
614
201
1476
26146
768
7000
375
19
141937
7874
343
2013
2333
834
2740
1700
41084
5078
982
9549
88425
19656
66214
2098
917
1260
5222
471
104
3555
2469
268
6221
1212
126
3992
44
18388
4903
416
523
1389
864
669
1401
4145
34739
460
744
551
841
1764
339
128
3239
1078
460
937
287
1815
2931
2361
41
1649
1288
44718
246
888
118
2692
481
112
104877
123
2188
93
335
253
806
9255
431
3920
333
201
581
5433
718
619
23
161
167
3066
6170
52
2693
573
179
4061
527
695
2016
526
1265
128
12356
12712
613
238
10809
652
2400
117628
633
9071
55
4843
406
91
87
594
3645
620
173
5900
456
109180
31030
944
440
762
17421
865
6650
2130
436
3287
18514
799
137298
61027
79743
4302
12385
53
9365
692
124060
3000
1325
59186
48383
54640
32019
70548
123330
26184
1814
83802
36639
40305
121026
1032
35408
107143
53007
1784
489
277
310
1302
978
205
1193
350
1703
2582
518
1497
588
1532
1579
322
36560
367
5721
86
909
371
790
761
5252
921
3535
89
144
486
271
4047
231
3187
218
251
12726
8592
2793
287
1863
30371
5033
1136
1162
339
1609
7329
1911
224
8917
533
382
175
73069
205
1435
599657
9424
470
39942
513
1831
2207
38809
6899
1387
1855
13169
2083
13987
30333
8824
1542
3239
16959
107
5131
47
412
4057
1578
2152
74
17018
6553
4483
551
3075
2478
86445
2702
42874
2981
69654
53973
1577
765
405
950
1049
372
8267
3042
2259
1090
13972
262
10081
154202
1231
234
24792
954
1103
1862
3626
2185
3766
362
106081
13465
7107
175
16538
11862
50544
803
29585
44425
126518
878
1782
19868
1777
3501
30253
7190
28448
2936
91729
63795
5068
16200
75185
5122
27257
64691
83531
12641
31389
3298
35920
1933
2811
2368
269
21225
2097
2404
353
19124
616
824
5061
11636
5425
10568
184892
5722
64674
6325
42596
18585
485
1796
2881
4742
116616
283
506
911
279
2412
803
2909
32809
6604
596
802
758
1758
7612
6609
12266
742
18920
38904
457
756
1677
1576
1612
218896
20454
3996
273
4717
293
2801
2272
13119
142622
5119
59812
284
1240
2554
2911
39
8251
3452
5116
1763
1618
1496
7151
6435
813518
22051
291
2061
693
859
3363
50606
390
679
4277
10140
763
1507
22463
62632
4794
286
15148
4600
15
1959
12614
3353
1484
2771
93738
15230
8732
1985
14245
35975
10157
73215
5877
32082
67450
555
695
193
38
355
22286
11201
7169
7263
13491
3091
15368
6069
519
4315
3001
15409
2740
2054
343
1245
9680
15751
54475
6181
13
3860
5646
1032
1080
77483
3130
670
1274
433136
88065
109332
22603
10189
13002
702
2839
8688
9139
109176
2430
1022
1648
13650
3193
22189
6760
4368
17496
23376
12126
211
8159
42608
58018
41254
12251
54223
1467
1642
1206
42565
55568
443
1653
32752
5876
13454
16599
9931
9075
284
235860
37825
127
32961
6740
10677
100999
9621
49868
1548
73168
14407
23571
870
17161
36643
14514
4563
24146
825
4901
146600
625
53752
6669
2562
19354
47217
84892
33142
1707
796
102609
473
3103
54555
3391
3499
154410
17115
6765
189
669
1474
2438
36882
24763
30750
17055
12707
6342
29395
1378
569
326
9871
244324
1052
50998
5577
52025
11792
741
20584
10470
19033
2014
691
1943
571
4534
13533
11119
1480
5526
7290
8869
5905
15871
16895
89722
4707
13631
172574
59655
343890
23493
13928
22695
5755
44510
7411
1827
3492
5840
20770
781
17305
2252
821
4630
421
911
30
788
54659
15344
5755
63929
99504
14501
225
1692
842
12384
2875
12868
2676
30050
33345
28074
32727
196
680
13172
1731
2860
19910
3419
5404
558
530
2668
690
75616
90
716
282
3522
51569
164
940
330
16304
330
455
1083
1938
155
1466
334
4232
114983
540922
452
7780
194343
7058
282
201
2858
946
12024
2990
1017
6328
275
435
4509
140
2144
620
1144
161
172
3546
715
5176
2680
1107
105
830
1117
1452
363
2064
325
962
5924
126
5663
208
463
1348
632
1477
16326
1007
226
1641
12387
1775
407
4379
414
9870
14740
146
5355
811
23073
336
238
646
23419
18965
1050
307
10185
7331
387
11178
4167
2391
299
1506
2621
1722
7899
2360
2198
783
2857
280
323
5180
602
526
20562
551
1934
190414
1359
6574
412
13941
562
11498
3834
15315
819
500
225
5896
14402
3425
4804
5117
137
10861
33604
253
438
343
1763
821
1911
4661
1617
451
18942
128
1830
297
202
551
234
840
2687
163
10267
11437
31534
17628
519
26688
142
2823
716
5512
43441
6364
33
1218
4650
1856
358
1619
1522
883
387
484
4217
11335
813
389
15093
9104
435
702
4115
3185
21809
5162
966
9868
8074
942
734
467
35750
9502
159
131
107
2659
760
212
223
5616
910
289
2102
329
2728
2258
1521
3245
918
23887
9835
273
1957
1047
2334
637
5355
6772
165
2171
471
4287
4335
3887
852
2341
4607
851
327
366
30704
2102
522
2921
9126
783
1089
2681
1660
164
477
322
297
585
1085
4574
114
147
3344
7917
1130
259
180
10399
61794
4161
168
33043
225
14130
680
226
7529
28437
2692
2671
564
2056
29837
608
2965
861
427
232
11989
215
1506
2393
4989
10963
96
1517
2711
2465
1613
2478
1160
1190
819
516
4477
996
19928
716
92582
4303
3935
106
3769
466
66953
1187
313
218
1692
187
1089
525
4402
450
1513
759
21008
3381
675
16206
192
476
13534
3695
2598
167
444
1886
284
5571
588
15500
750
570
1259
2122
1592
995
4817
910
804
300
31587
762
2787
2138
10946
871
603
285
139
387
5353
620
3125
285
466
450
1082
224
1405
245
2555
5157
131
691
689
165
34784
1955
3686
2633
634
13480
347
658
1326
520
298
599
275
16387
603
1841
4883
878
15958
293
4345
94
794
133
237
165
2469
966
328
793
137
1029
425
768
1553
11280
120
8139
2850
15314
61
727
1379
4571
169
36031
206
3390
87719
2708
780
16778
301
6097
85625
247
1170
343
134699
282
787
3720
245
92
339
1060
445
333
215
978
50712
20634
4856
3274
1883
1256
2383
315
26874
3027
776
14679
7722
17739
148
4972
318
134
247
16712
7679
526
2717
5751
962
103
3087
163
648
102
228
4496
1439
9130
19437
6853
2649
17410
316
615
9064
618
2358
2031
1237
424
1952
3893
6542
788
3263
17499
1526
549
52169
1605
138
11271
110
2818
12905
504
1934
861
1228
3958
478
62026
1882
397
4006
2940
790
14725
5793
2192
3487
584
729
305
597
1533
384
14656
1203
1384
1070
389
23865
414
200
2196
3669
385
719
1228
374658
1775
140
260
4093
13942
989
337
1089
688
25
349
425
2229
11153
250
224
205707
2567
300
4109
9252
72
43281
374
538
972
274
956
12483
583
27
239
43805
1033
678
540
160
379
2392
444
564
332
166
139
503
592
1439
14
643
19668
218
416
133
6287
417
148
183
2227
493
691
4774
11891
914
464
1368
3209
956
478
3121
944
823
8075
12
1051
288
770
13190
564
771
2771
245
2535
86
849
97
475
55312
784
1359
183
281
9593
604
1130
2177
361
3376
3248
654
521
13909
1129
523
87
31887
544
2554
865
547
2130
176
979
569
746
68516
5781
211
122
2350
186
24338
12266
731
297
733
149
81241
351
490
1452
504
624
718
198
226
2987
1363
52
483
317
1881
945
7677
188
514
1557
56
984
55076
729
26909
769
5110
1969
6948
72
28856
429
3531
420
559
664
312
5225
3447
130
2609
3141
8370
4366
1610
588
3101
35
1755
105
5085
62
226
1677
1483
250
124
671
244
808
42741
1099
1883
843
193
10
362
5222
2430
440
106
1486
302
244
3256
249
36918
141
925
1054
1797
3512
791
30347
643
480
147
272
364
2546
680
228
18580
2251
29264
523
379
308
2557
173
1100
562
4942
897
13811
356
2725
399
825
201
73153
350
837
291
2116
680
1317
564
751
1154
1186
1122
1778
949
1635
1216
4445
597
172950
636
1719
847
406
142
1886
229
10334
4375
1269
575
42770
6217
97
27700
209
288
240
371
13177
5849
373
1061
530
3077
489
459
138
57
372
41285
1825
392
281
18853
26406
1703
1448
20158
409
39
6910
4885
144
49664
9961
1225
301
978
116
49
116
551
693
21858
74184
22247
1017
701
763
70881
443
252
387
419
19119
484
835
742
15070
6785
4288
2050
15006
2356
912
310
7575
167
291
17969
622
1036
186
121
162
704
139
242
242
550
488
562
453
42852
1129
191
192
1731
27467
353
626
3954
56
11413
264
2936
189
3851
244
15103
2996
225
212
36619
7953
502
1354
2085
91
305
1205
9779
140
14498
133
1707
1646
26235
421
5912
503
3334
5191
40041
38020
1821
2436
5518
2455
19651
2866
4217
2086
306
260
684
1306
13465
5643
1344
467
80286
692
14048
563
21710
10824
1180
1088
1851
483
2290
7814
213
2851268
30412
13310
6004
1219
2798
80100
272
639
768
203
8595
923
830
249
237
1226
6989
5777
293
4026
223
1085
680
1353
151
1012
26016
5206
231
9460
111
331
167
502
207
690
501
4243
1150
16605
5785
568
1362
721
577
20552
630
10987
9111
5221
712
42180
1330
521
239
530
280
486
471
957
546
714
404
170
555
1163
32467
22389
628
2280
506
76199
742
19636
47
3352
45734
460
1762
1735
1543
56810
85
175
2419
596
1131
495
3833
14953
23758
780
255
320
164
164
419
49143
769
205
299
941
4084
6303
1081
4278
123
1850
6545
127
361
579
1899
3149
771
240
1527
20867
345
22860
28753
138
523
1101
24475
12557
5278
81
4365
195
107519
644
307
33124
421
912
331
360
82
262
46314
1887
23926
2870
629
138
2357
482
110
1206
601
636
1543
696
5436
77857
680
19237
319
66
3792
5080
2257
625
478
16706
550
1917
739
2427
372
152
103
266
347
664
1764
540
1028
398
4680
65
9258
86
3176
262
15136
713
1165
1505
3007
11042
5202
18301
591
1004
17898
4545
280
24699
3821
29
975
3302
31006
2631
367
1528
187
258
6399
24391
5145
3412
1143
3232
449
3266
993
6154
3145
1677
2152
250
1043
161
12668
8990
31877
27236
46207
8453
17619
716
638
616
96
442
858
374
968
243
672
518
575
1408
30695
340
1701
1341
21698
1585
1067
3907
1466
696
788
7284
257
1444
1157
213
30571
3682
119
767
2728
508
5686
1779
222
982
783
36703
917
142
9528
1236
1473
330
9965
225
27946
8009
3260
8068
13996
1426
491
293
706
228
2421
502
12450
1619
174
2654
13252
117
9807
31516
5382
1287
6106
563
8265
165
2091
326
18454
2040
439
53655
716
86
1130
26150
4083
18367
5602
151
932
447
847
485
1810
183
430
463
358
23177
792
602
849
2451
597
3594
219
490
7649
162
471
196
475
691
69
8617
8636
566
274
19214
351
120
1291
8339
222
6806
65
3491
147648
1783
402
344
123
536
12390
288
426
611
271
26840
794
221
526
9
95
240
684
218
227
2389
348
12241
466
344
4114
1445
227
1069
255
843
110
1709
701
2914
1830
1261
215
15186
12338
1267
4973
6223
20991
29704
246
5776
8706
3706
20427
736
1448
26524
58
143
9497
343
4287
542
4541
310
960
1437
16251
2807
535
108
311
3566
2364
1974
511
21834
929
167
1646
14523
7956
11742
14694
371
23163
6588
184
245
113
789
787
25055
397
415
42825
422
1342
8104
232
145
356
471
1217
24464
1167
365
546
133
8650
10187
370
236
1111
49
27165
22724
1750
799
2719
281
19748
1128
4545
152
271
6664
407
330
1194
331
7345
1595
336
911
8575
1298
238
285
7614
143
934
17460
1999
525
12169
1565
2836
4970
3884
1194
374
7545
6797
398
2324
739
17313
17120
171
24903
1015
451
112
478
21767
450
1012
7008
206
960
1983
3437
202
6490
516
417
13577
5195
1257
375
74
921
529
226
3401
251
259
1255
2175
10651
241
19251
43050
3063
4993
9244
498
15335
5374
259
13972
4307
1012
16209
22412
574
921
118
537
7363
1649
418
100
3093
2052
53050
1577
1912
16185
5232
1828
72
652
145
33979
8106
613
143661
511
124
2993
235
1141
372
155
1732
489
1199
1998
3252
90
1137
613
251
380
342
198
424
303
24286
889
565
192
124
2889
663
28513
273
691
2230
113
52799
13876
182
1013
15848
3234
33764
32656
653
5463
179
11380
1722
6203
1051
460
8828
2384
199
291
27681
718
933
52948
53125
1427
2395
1513
184
994
1050
27778
722
3679
514
145
1329
264
123
251
286
8392
4717
232
1350
689
1361
760
914
4129
311
1676
7147
55236
29364
19324
120
242
66690
1316
231
701
12387
16828
5041
5685
313
34
195
8595
6710
224
22462
36806
598
2550
866
4465
1051
170
771
2204
33580
115520
6278
4317
914
394
9792
500
2185
27
1608
2034
645
5370
4183
727
586
4396
36659
243
12674
266
952
721
512
714
2480
11261
6121
157
4145
1434
1676
4875
654
418
567
2007
7461
1663
1916
15959
227
40061
381
317
1046
581
383
12247
989
119
887
3619
225
187
481
2317
12805
284
851
819
148
544
221
94
14080
11128
9931
8234
3050
4072
2028
6330
376
6304
9858
3246
176
317
2004
9268
157280
38084
5526
40
23324
37997
1927
8813
75
23200
3907
970
1089
1144
16752
27790
2797
6177
1552
268
184
1155
303
3010
113
350
397
122
1247
136
32840
544
1413
246
716
1093
213
4051
624
379
7312
324
1318
7381
638
239
10221
424
3188
5668
282
757
376
71303
11431
607
52
134
222
309
375
2125
2116
957
789
1247
926
4647
1130
1958
3873
668
11543
631
15749
228
319
589
1131
387
7759
56
260
66468
3712
231
203
3456
1823
595
4494
5479
3760
21304
1640
21045
3204
1200
1805
640
474
4317
823
225
525
128
118033
5807
5416
249
133
686
5084
2013
10422
15053
258
716
5741
1114
1781
292
4851
892
114
561
97
36974
13764
780
438
9736
4396
472
10169
2966
527
13055
17816
119
374
601
718
900
725
560
12142
131
1681
295
689
393
1382
1239
586
522
2375
877
3061
615
27
59140
745
1115
2882
1249
695
83
1315
485
492
577
1320
2082
2628
601
9855
301
4570
688
620
65
8222
39985
585
664
13
1168
6295
410
129
2418
328
219
751
169
24400
259
531
291
1305
2389
22225
915
3338
381
1660
1044
3876
238
1390
103
86
427
1261
629
1356
1160
13050
1572
1111
14292
5554
782
9980
1529
5375
746
12285
90622
1223
2407
1049
421
409
261
1043
42
165
15609
26475
764
8015
12644
648
8125
24999
4494
177
929
2972
54568
113
35912
277
220
2440
570
245
1387
686
8791
229
5857
26300
112
6211
574
1547
671
1029
9988
3235
12381
326
7200
949
3867
13882
785
301
722
34173
10936
538
24333
1041
10382
978
1366
387
91
664
16717
1657
25206
590
1007
136
2304
2351
5628
117
52
191
176
328
466
57189
1255
8276
1891
1810
996
906
3256
13084
4094
4590
2440
12708
753
3462
6414
1424
13421
14473
4423
92
739
3219
468
2462
301
71939
160
9165
6838
857
168
746
1765
8217
4651
1658
962
1496
73
1546
2885
20644
2986
449
255
1046
192
429
335
1173
2681
164
1956
542
571
159
1130
331
670
69547
840
1084
180
11162
286
2587
459
3173
7473
2796
12842
526
1807
4614
694
22190
1001
300
847
272
1503
308
4776
2178
580
779
8369
40308
13834
1079
248
2801
86
2398
134
191
15090
502
1504
24410
115
1511
5617
640
1488
1572
658
8427
828
1508
1231
9639
273
2837
4506
495
1468
647
927
233
2552
175
392
15927
437
29900
220
1501
191
1861
4724
342
646
146
415
53060
6059
738
9075
652
629
116584
379
2732
1458
1168
1333
2327
543
71052
2070
2544
3863
255890
702
2156
278
847
528
16502
23595
1888
91
1618
1910
315
1406
5708
95707
5666
950
1313
241
3246
293
979
32425
719
1164
658
10047
4400
19393
136
10872
338
2548
633
48320
151
16291
1626
1488
783
76545
3790
242
613
6313
386
1483
283
3725
22594
460
27793
690
398
749
2305
568
2369
6065
16828
795
807584
139
1789
1014
2429
14140
32981
1742
234
696
10561
424
1639
596
512
231
1410
779
1995
656
3796
45396
1871
30
548
1065
65704
822
2927
416
13271
554
632
477
1854
21241
279
570
44107
4828
338
15706
597
2949
347
1878
4561
708
5673
184
112
366
18586
1555
2581
257
8474
1045
829
730
1319
137
226
12882
808
30418
1084
383
341
12000
536
82
342
535
540
203
935
1765
284
33416
333
32410
407
3216
2333
1762
1514
916
130
899
589
50126
4563
204
1569
768
520
1288
692
225
1078
379
5192
1759
391
659
11679
961
1098
1352
72
130
105
104
297
6945
1462
67791
22054
229
7178
769
37517
1
200
3377
1736
18140
1994
862
13812
642
79
2098
1334
278
542
337
323
154
5866
42935
44
1865
1405
5798
648
6279
1035
2513
594
1408
1283
636
80
1114
331
321
2364
1789
1616
2843
1219
1286
1150
734
3872
639
1316
767
188
5610
705
488
12217
2380
674
240
2632
28527
523
11128
228
37322
5410
6061
1096
297
1626
8427
1376
1255
6333
497
446
36569
778
155
2408
27
936
381
1489
6431
2032
2561
715
1712
709
616
1544
792
6014
333
1155
465
13244
542
995
148
6463
108
422
2303
266
28809
509
5932
1177
6451
842
19320
1855
152
606
1237
18668
3250
529
856
783
154
973
304
104215
1779
1846
12735
2458
865
367
100
280
157
207
134
545
290
200
230
4429
318
1054
779
901
809
301
2986
7473
312
59900
1627
4999
1191
799
1150
2170
379
126
3312
263
415
3633
661
30622
834
2150
60
315
1710
1588
17894
10731
1749
2177
94
1005
1061
1316
1657
13690
11637
2173
402
880
611
586
22402
320
31530
753
1453
2243
5029
924
482
4502
1427
74
4758
362
423
1884
2464
4576
657
4683
292
4288
811
887
955
1652
71
1440
281
89
8610
590
14012
1648
116
701
4321
898
629
535
1401
684
3529
565
547
783
158
5227
433
534
896
1862
260
1115
14397
175
56657
5745
84
431
1126
42648
634
954
439
115
70
106
96
449
867
1332
204
4022
417
64
306
1588
6728
265
2120
919
181
1511
175
572
313
135
71
714
26
221
191
68
475
645
1032
470
522
10
172
50
1470
2833
2302
2269
360
35
26
98
281
33175
60
421
217
689
350
60
197
170
2565
1425
296
444
3004
12479
157
197
689
162
91
326
131
443
156
675
160
1858
286
1336
137
94
51
1346
830
25527
487
435
395
426
999
151
4268
811
254
22
3726
129
9877
715
3208
2146
389
161
158
38714
127764
113
2321
5367
1172
98
4348
7346
435
496
83
267
4673
136
83
359
360
172
956
5301
2671
1272
51
351
7786
222
145
683
26459
71
15469
219
29
711
193
371
2186
222
480
869
335
1783
73
439
995
59
1238
63
18827
1555
855
304
1459
44
251
60391
95
300
709
3698
7556
120
252
243
315
56
239
99
820
1699
76
328
864
101335
250
158
820
187
7765
224
269
308
180
489
484
279
24
391
7187
1604
131
200538
1216
5243
862
278
185
1148
249
60
323
891
519
76
456
551
216
57241
600
450
166
815
1084
22
1704
4182
1255
3257
1323
427
820
506
142
1049
887
227
956
2710
4948
614
1331
468
607
100
1081
361
52
506
565
1618
481
3578
1631
776
6193
5068
624
713
161
1073
1950
9201
1436
270
719
349
452
1329
256
121
346
153
333
550
617
3964
356
25083
10870
238
126
115
893
188
206
673
951
27
294
72
240
714
2877
403
525
159
954
71
1080
742
54
559
481
980
5656
1202
600
139
232
1011
831
74
267
846
641
188
566
1230
91
316
202
74
256
928
1851
84
8794
9064
941
2524
94
65
1496
1879
207
1141
138
4152
195
224
98
313
87
4895
113
313
176
781
1497
77
267
165
164
160
2367
435
61
924
794
167
26
6697
762
197
836
254
1362
355
636
240
690
126
805
2201
2031
4191
524
2844
2022
56
6074
14506
840
255
69086
4893
576
346
62
221
876
4117
2408
1138
15918
226
31
2532
208
637
311
340
593
263
10406
92
1083
876
280
674
295
1244
76
70
210
253
516
49
7263
349
286
1579
1950
972
502
1182
235
206
2348
476
266
126
951
2305
767
126
539
260
1228
413
790
3560
127
954
470
165
250
9124
1248
1834
8
236
363
426
311
172
468
152
269
225
210
2018
267
447
199
355
258
1407
338
143
1182
765
416
458
522
793
220
239
243
143
228
240
100
369
254
335
303
122
306
876
141
125
2359
189
353
295
264
29
1301
4872
807
1322
1465
1620
1147
5801
291
322
1017
2508
33452
140
430
25814
254
459
116
52
27267
100
392
81
258
842
433
163
1140
1623
790
1239
119
227
348
165
729
220
544
440
2432
186
41
21
828
491
457
542
261
2746
148
2127
282
393
173
1416
1813
1341
3701
273
916
193
184
658
91
803
85
637
163
1730
8673
36
122
4185
1497
794
22653
569
1494
87
824
6736
501
864
957
3397
581
134
1793
395
210
1295
14841
394
486
358
118
1414
54
92
980
12413
97
1984
9016
603
105
1381
160
391
480
978
5993
1936
941
233
701
157
2705
214
5814
88
370
591
3431
4768
10895
799
48
534
145
45
24329
35
697
547
115
507
212
170
983
186
1146
129
2163
214
239
136
981
10207
1237
9295
332
336
350
197
19
300
417
55
8424
27
125
1581
63
409
1750
3257
598
78
196
2255
167
1426
237
905
810
971
100
301
271
485
323
555
200
78
68
136
166
83
735
748
187
65
1007
5626
1641
221
1633
254
293
799
555
179
133
280
60
405
275
596
1008
274
2960
153
872
2435
3159
981
1950
51
60
1340
567
112
202
55
192
279
416
392
389
560
682
122
362
641
2081
212
1025
186
685
152
161
127
118
116
443
387
1308
61
86
681
818
511
149
4027
744
167
77
91
1004
636
317
4838
1183
1023
4832
176
538
2577
1109
2062
263
6704
82903
694
1558
1023
213
183
1734
132
182
10975
368
4594
83
183
91
1018
468
436
123
680
628
1336
310
281
182
9540
3390
213
689
1224
80
1643
846
1969
123
629
166
84
556
855
913
2490
328
71
355
54
528
157
64
354
208
1882
150
3014
504
2605
129
1541
880
1236
87
475
66
46
840
381
121
1050
529
1430
38677
322
434
60
728
1194
211
76
716
977
1226
149
49
5096
217
217
428
1641
1474
771
188
727
721
1908
7197
225
66761
132
236
12826
3871
9155
932
148
105
7642
140
1412
675
157
405
795
2307
3332
157
56954
178
214
3658
401
139
912
321
2397
237
622
742
702
466
132
100
376
2820
157
2839
4627
1059
4830
763
141
214
1539
238
1387
186
370
589
256
28
74
566
107
124
6268
166
67
265
170
154
64
201
745
427
1050
416
104
454
877
907
10581
2147
385
468
10977
434
1510
855
446
10432
42
238
570
1036
1165
8743
73
415
4401
109
134
121
4392
21
4144
333
258
6873
1519
1828
3665
94
224
96
612
526
808
189
176
400
202
275
1013
71
150
7248
251
338
263
38
787
266
1331
92
526
218
942
2676
257
206
909
48
285
49
1134
96
1966
786
1353
37
129
469
22
50
612
479
8738
1360
448
97
2084
717
2244
1230
2102
181
633
4366
60
2437
492
57
669
108
10244
4834
748
120
372
3177
1429
5109
1186
86
325
158
876
2265
297
66
191
95
159
444
138
52
450
822
180
431
224
172
22923
5488
336
1017
25955
183
1806
892
43
80
99
325
77
811
351
1843
43
412
4528
569
208
12643
72
295
103
1951
1977
1933
2817
47
65
1120
269
24868
94
201
804
1148
121
562
6260
2483
294
250
3891
138
591
218
329
105
7938
551
771
11
2331
7
3201
180
57
3119
144
797
28532
868
17852
169
3163
527
116
88
260
191
2710
102
478
400
4048
508
161
4276
320
84
268
1384
15652
317
137
310
1200
212
349
269
404
149
1917
294
49
563
236
175
1370
471
250
84
1157
145
424
20360
10496
126
152
2395
124
3829
3182
933
1308
2613
2797
2144
27
3289
444
358
118
1782
746
1082
575
123
3455
1816
75
71
85
40795
9198
329
1180
5719
95
180
370
116
826
396
1331
20932
504
216
143209
1796
447
172
2931
1442
892
205
507
67
1209
1075
661
953
2126
287
249
71
10804
3540
163
20
92048
35081
31766
252
913
666
189
48087
267
640
82
457
1315
550
444
20048
93
99
1163
201
3224
369
568
406
521
527
26
90
138
362
129
62
3906
210
407
179
998
3400
186
423
125
272
477
823
13323
729
94
3346
100
52836
773
157
501
96
1859
581
3105
57
355
103
1569
1883
405
53
748
11132
124
35
455
459
1952
629
9865
3622
162
419
988
521
194
137
244
148
237
762
1628
406
872
568
178
5915
101
196
77
97
311
2567
157
259
1209
182
68
159
396
18437
1147
105
141
1612
2657
579
490
34
1813
1621
200
2324
81
121962
60
129
482
198
683
67
2770
4541
1374
1136
1746
293
12887
916
174907
1067
556
210
95
5346
59
123
8029
299
338
72
10996
251
321
207
1192
24
836
158
2349
19639
1110
1753
1277
98
942
110
434
85
126
21703
6315
265
159
602
330
526
425
761
37
82
68
190
268
237
91
231
137
133
93
145
42
497
980
192
7026
420
4091
94
1123
156
159
4185
27
2450
1262
589
1174
2301
663
46180
1117
86
119
463
343
216
3488
20
672
1155
1694
173
1986
100
319
59
185
658
61712
1391
101
1585
212
121
1059
348
2540
872
39
71
5281
1032
101
2536
1361
527
1481
197
71
53
273
292
1760
111
324
482
75
228
4416
124331
262
1400
140
660
994
428
219
739
5515
277
180
6638
1142
94
1195
54
208
99
1738
898
44
15
55
219
293
4372
1083
612
1278
550
30
706
7677
1707
230
756
160
1500
369
341
92
525
222
636
208
372186
86
354
64
87
56
187
751
562
130
11148
186
206
103
1353
109
112
919
2264
8519
147
3299
382
21289
1503
1669
1257
607
1392
3624
11298
830
699
1106
3119
736
1271
854
968
5882
338
530
4350
14749
307
139
259
897
701
362
148
56598
327
2149
359
564
1176
328
772
608
729
341
995
148
883
1644
988
616
2582
780
82
2751
1044
195
707
11266
417
661
2078
3928
71
1835
2000
423
5680
838
1142
1327
1307
1226
632
5929
899
4626
210
27
8299
192
779
43082
853
243
4073
454
3701
2952
2762
988
275
2353
6292
15643
2884
5469
611
6110
330
616
347
2210
1559
2406
8937
1607
157
24533
1001
1989
8019
2246
17259
379
1030
289
78
142
2033
935
929
7668
778
2651
28381
544
544
7592
15271
5462
239
516
27382
7968
414
535
2421
426
22071
141
389
14272
384
898
379
209
296
997
332
94
3130
3875
2392
854
1200
4299
1457
580
572
2415
1859
8161
2628
973
4751
456
1183
27952
345
2223
159
7341
166
7554
749
2748
907
583
32095
2291
539
441
4435
1639
350
352
22105
3492
424
2637
1386
423
2379
1746
26442
1657
2209
2212
145
564
443
638
1018
221
6553
2690
201
4401
1096
10131
6332
2024
6537
912
1643
296545
1910
170
1413
223
7917
442
662
2086
566503
703
4806
820
11213
1039
432
827
211
18971
1973
144
3049
624
195
10176
9193
161
853
594
449
166
9836
7172
1627
862
589
231
174
6141
550
7710
3264
2559
934
280
7051
2561
12026
1220
1587
16555
689
216
921
886
15863
27001
496
1096
553
1227
442
9406
266
457
1764
1452
55745
1461
1639
25720
4153
9196
545
2790
755
947
759
1615
6419
2047
2716
443
960
890
487
420
882
3831
179
6386
5838
3420
2830
22253
662
152
491
33459
444
533
554
188
342
727
948
3635
2321
7250
810
498
326
308
18750
1672
752
355
1562
261
1790
185
665
4540
1510
631
339
11507
9344
16458
1156
1482
232
103
386
804
12196
333
181
3291
232
1273
209
2782
378
748
696
3386
3070
380
735
1905
163
7147
1275
192
185
2610
430
3710
1022
616
1688
7929
313
7731
4523
235
3119
255
1805
323
1295
277
287
608
1502
3349
980
713
168
1190
792
1466
596
778
2926
273
5159
3509
360
6020
16766
2768
596
356
87
745
250
1132
1699
1751
229
1063
12229
2480
3916
1153
48849
4344
755
230
2714
1401
290
242
137
13440
2639
3759
2355
176
11627
225388
282
2816
1629
4262
246
2671
12601
300
63258
1188
8033
7983
2111
109
4447
218
1083
422
6804
203
26446
376
611
883
801
4655
500
1047
774
1872
1668
298
450
405
2245
1130
2045
9224
221
13878
1335
2147
2933
218
10375
3292
10163
342
328
7653
110
814
442
814
279
1686
349
177
579
1226
1092
2156
207
861
11451
310
3581
371
3532
264
689
685
944
252
464
7577
3746
1064
317
1045
508
183
1561
2096
462
9553
4905
3234
197
1049
1677
513
616
2764
16783
622
1591
253
20049
9433
727
3014
2383
239
1593
681
466
3327
394
390
32584
263
1792
1399
2627
4008
138
5845
2308
2847
10428
3662
2291
598
4997
336
67842
2296
398
1402
2398
1288
114915
2860
71542
4191
1320
5873
1034
130
146
1782
1356
2691
1669
171
943
338
3422
200
757
3376
12557
534
5339
1542
2705
1177
756
5662
597
860
1391
692
619
1178
12797
51640
848
210
811
927
11434
612
747
12
68
647
597
17637
1227
32875
2086
354850
4708
270
429
327
8103
1932
127
1915
1208
1330
23141
186
516
5246
2211
1526
14892
150
1030
6658
277
708
382
6375
4907
2424
532
139
732
163
8582
3994
213
386
2094
711
1515
187
321
718
1301
1403
21256
1481
5546
1057
6977
279
895
9174
156
199244
1062
441
110
2202
505
693
978
27477
1469
332
140
407
5077
145
1425
1901
19635
475
2629
7352
780
14428
692
419
362
678
340
4095
423
8081
3368
3875
6364
1044
693
3259
4594
12910
10232
1808
649
5037
4771
1015
1131
7250
15177
1735
22883
18444
31450
8875
6692
21383
9050
3158
8053
1514
7140
6087
2427
35057
7715
63008
9053
7441
18204
23976
15968
16638
14099
327
36879
637418
148
203
455
9837
4053
2978
352
7686
3340
53417
2838
134
62
5271
188
12004
4160
495
3533
1106
3410
832
5043
6470
2868
675
812
921
2157
77
720
465
27286
1277
1141
2720
20449
381
3305
4051
6127
57
276
14829
1350
57
14746
2386
1519
2642
2592
59644
499
7822
4500
942
59986
503
96
976
6406
261
216
630
21439
2000
39996
5446
1752
13310
1041
122
112
158
2015
15604
3780
874
1955
276
1536
8944
22672
368
2283
431
1123
73
3470
356
921
145
2884
439
482
1275
2083
8864
8453
1525
12656
470
1374
1873
472
495
2872
2006
6998
699
3816
1187
3880
5806
706
19
669
2986
167
659
1524
1818
6441
1477
62105
312
1055
28327
4903
485
666
620
2909
2282
1195
396
4440
18027
5433
83
6098
1143
1057
2317
667
314
5652
579
1940
17996
968
2277
922
28485
43554
46274
39513
645169
93527
108771
37483
55915
16262
38299
90826
42161
32065
20952
30530
61578
40400
70579
42250
104390
87517
56146
38465
55578
27091
44364
91053
17591
84592
13816
28528
51718
42424
91028
51693
41361
76491
155580
55778
60604
33117
42133
28137
38983
182882
579
21283
152
424
788
9104
4497
4805
209
25428
9199
2724
10364
170
112920
262
1656
505
1032
2024
20973
915
861
3010
1188
579
1841
1193
877
372
326
51843
33780
284
1051
5668
1109
3472
1345
10826
469
14810
1923
1831
380
9880
10313
992
1642
19018
3140
3780
495
3114
328
1274
220
2407
7252
644
2252
1332
1224
4358
549
383
742
29492
554
10176
1353
799
518
2049
2561
210
3954
1173
459
819
309
855
2448
1888
3273
416
8127
953
1512
2626
8915
212
4888
5032
2331
3062
307
12185
300
308
755
2373
2458
10425
1229
1461
1154
777
1068
2086
4150
211
193
3260
2394
1549
313
251
436
5074
84575
50820
1831
871
918
403
910921
4421
3291
1306
1182
5635
772
4257
3675
120
10539
2215
573
45563
32458
2704
5205
623
9630
1212
1191
434
1650
742
449
978
241
368
12121
3479
463
1646
582
9854
78675
802
1404
11571
21127
3059
464
8631
111475
7712
116
173
1050
3100
4619
1435
2925
14937
431
175
4128
1073
291
360
352
1955
557
221
26142
3532
4725
5024
2854
785
1594
243
7452
10713
7618
193710
16758
850
1165
1799
8026
4881
8416
10749
2456
14810
20062
4153
411
1587
1551
12300
169
1975
473
1906
2460
6776
17968
359
942
13850
659
7695
34053
6273
1751
285
552
6989
1571
9688
387
2284
7014
5815
3653
26031
11446
7723
2914
5324
6479
2997
33315
2198
72825
453
2144
2845
1097
47641
464
5256
1517
415
1230
313
263
909
1140
1050
2206
2720
1083
1351
1897
113802
9043
4064
2002
997
1801
485
334
252
2274
1026
331
34512
3322
1371
89282
4178
8240
1517
318
713
573
225
459
839
29580
1337
2234
6086
3045
1161
598
1029
4332
793
1942
21004
7103
406
9856
8144
2839
518
969
435
147
9631
1107
899
8194
714
449
480
194
2681
40807
5704
6524
240
1050
221
21323
2283
362
1460
2231
481
869
16764
3125
26733
623
545
2320
39259
11569
1640
4456
1689
11337
1492
2438
454
5150
569
11272
478
966
3891
634
5941
23266
2804
54583
314
30577
1827
295
888
593
981
1451
2225
1484
797
3809
407
1399
261
14748
3531
1818
842
3222
549
777
938
420
1995
1119
6030
545
180
1045
2427
1314
3850
2470
8429
66247
46453
639
267
30568
3661
605
263
2143
412
273
1579
1206
1054
2299
1326
759
5597
8255
11567
11028
69209
5484
3089
2978
3734
22468
3752
1043
342
689
46765
432
57188
55238
2002
5706
60322
2322
7300
8491
6928
8932
517
2547
908
1287
1008
14003
1522
1238
1714
1880
1358
688
306
824
75531
27125
5145
10994
687
1648
4067
5029
2416
650
1813
1475
198
797
481
127176
1137
1275
10696
579
580
5160
1640
1865
59308
8479
679
438
1703
7081
14172
17564
80557
124
223
170
757
1706
557
4922
389
561
2620
782
777
2208
917
1836
552
23802
253
6877
133873
1743
3818
16811
1494
1826
77288
813
1381
2790
1544
438
3783
13455
334
4310
12367
483
24174
70679
1941
21517
5465
1640
1422
762
1227
2879
1917
414
2205
135
17401
6509
614
46
11854
116
415
331
538
30985
3160
17389
2920
50132
85
9840
578
2012
465
354
1036
446
1754
22981
130
1332
1587
294
459
1283
638
2324
597
336
22
767
893
8411
3319
224
173
265
4200
91
723
164
6836
177
91
375
13749
99
2969
423
526
223
233
444
9799
167
916
1100
107
972
783
56332
173
1979
82922
3220
208
110
81
663
238
186
35
1660
13770
440
3185
1625
488
328
27529
72191
158
137
90
621
684
695
588
515
779
105
229
14390
725
1021
59135
132
504
4602
2810
209
356
7734
208
1692
4039
322
426
769
2967
825
53
611
3796
368
23963
239
24025
24614
2551
143
4470
4594
420
5467
1297
594
590
839
711
531
484
1634
168
695
235
391
113
149
11460
151
58
2555
2749
3778
1016
1436
18434
4046
346
118
140
620
62349
5738
43
553
33928
1131
629
203
7869
2250
2128
21835
200
275
263
317
240
472
88
121
308
1326
1341
4656
3852
323
922
577
112
5366
203
62
1055
40
164
183
8268
317
3711
2581
35
241
51
649
57
84419
102
1141
99
173
64186
562
2355
12040
7849
1014
186
239
62386
951
987
46577
84
230
208
1148
935
182
1323
23236
149
674
517
98
650
180
3482
626
1000
406
150
402
92
573
3585
2329
1798
1195
10104
5654
22149
19381
48
94
202
13544
840
426
322
402
217
501
56
2371
194
17674
536
76
1468
337
126
461
1399
287
481
25997
219
1196
16
241
220
141
190
2108
453
446
79
129
371
736
1757
199
5511
649
2478
1176
20508
287
989
101
573
3733
546
291
1412
927
9465
2881
4011
114
738
3133
430
179
826
323
579
212
77
284
70
998
64
529
555
15247
185
680
692
281
2458
406
108
204
1071
1255
271
22246
43
1880
1336
234
54
1062
129
913
635
278
796
115
409
9586
734
262
16237
435
32
594
687
1398
200
620
558
735
197
280
94
81
17051
950
2008
1964
13717
51
13835
104
3632
5839
34008
155
85
528
6150
906
575
3319
2247
563
358
425
28
5540
533
660
694
5581
1068
309
477
206
59
268
99
1674
658
71
171
472
155
712
21
120
192
4900
522
617
192
5289
2615
7646
1623
87
1807
345
247
811
1103
1056
56036
232
767
300
581
724
146
595
83
86
2254
2310
76
28
55
915
1728
4242
1464
254
2021
617
4016
20554
229
6555
9658
8067
671
299
1835
2781
174
3067
612
23
252
199
4418
562
412
710
63
375
603
83
2151
1547
963
207
1161
8106
76
53
36500
1157
63484
2054
2016
1673
176
36762
676
149
635
12754
1602
351
775
106
1238
346
5165
175
3246
1191
216
11674
140
290
138
2972
307
111
170
245
369
385378
108
1377
214
631
50781
608
6181
70
5178
3255
11994
2865
36804
2542
3518
815
5096
1047
398
640
9633
12065
2933
1896
265
60
60
960
73
164
227
388
501
21732
326
377
20661
1343
351
3515
6791
1152
114
12909
1200
1081
86
72
2125
55
10465
19656
12666
4784
205
234
11473
3696
4351
27299
8379
4723
101
116
142
460
169
368
2341
905
136
7916
979
242
1931
1566
309
2581
198
14231
533
24958
133
1001
3634
2290
197
2296
258
500
1936
2772
105
253
1366
485
3281
3338
861
396
4101
3240
314
262
72849
161
1320
4754
454
25122
2841
107
524
24048
628
346
167
771
1544
15682
5088
38
353
1194
90
1460
33294
1272
123
106
13848
103486
1495
4176
2458
7735
640
32
163
110
2751
344
21980
33220
480
406
966
2994
1754
773
372
338
257
196
450
487
8437
81
3459
2349
3543
796
67145
7356
279
4305
6160
90
45543
287
365
15525
281253
5245
10946
46
812
96
383
2843
72
14445
4061
11957
28360
3446
842
71
645
59
383
34525
232
1009
155
25473
7572
1826
792
296
1832
3388
180
73
197
19498
1098
2113
1239
50
6592
1880
2340
94
1493
2998
1219
174
615
533
5625
17951
823
243
80
28
374
101
528
338
294
54
95
196
1034
5
209
8557
163
66
1582
474
2081
61
679
130
109
1160
80
163
680
3277
1099
563
337
393
58
251
12761
292
428
527
333
308
7327
84
217
66
8481
2521
637
10279
3952
334
6855
231
1410
534
76
185
1043
95
177
1506
1655
8749
4112
1892
927
190
386
1089
3967
673
2326
166
666
804
65
18805
90
59
1383
24360
66
523
173
17907
392
322
199
4136
196
1323
26502
2395
1247
187
38
102
57335
376
486
124
11125
385
92
432
7958
75
5316
175
3082
450
6001
1502
556
195
7160
749
480
478
559
3332
270
7743
8407
2162
955
279
1931
2342
551
472
435
120
45766
771
155
604
8766
691
22335
183
13206
1105
1982
1014
1032
1299
953
1770
12572
391
4875
352
1546
1825
359
17734
12027
26258
339
950
1611
2861
6520
23818
1291
14289
465
631
894
344
712
424
5892
1932
860
1103
8954
387
96
2110
1722
468
548
2649
1072
119
1294
4469
451
460
2186
275
529
2221
1975
1505
3722
7062
6033
378
1302
4032
114
16460
350
301
242
1001
200
1218
35355
15808
14656
70794
581
1868
459
53582
4328
798
12771
512
546
2949
7871
25113
3828
10503
972
664
1837
2935
175021
1545
407
661
7348
174
414
1587
18855
1024
47
4743
163
1837
657
12245
330
279
6591
3084
320
2748
362
768
13645
192
600
2679
21938
4315
2063
1112
161
244
1525
1649
692
626
492
2537
39695
592
1267
276
1687
126
2261
279
3480
13952
1913
995
568
16045
2003
8153
683
434
687
3688
458
402
606
17363
2833
32531
494
17636
355
229
106
23692
4073
24840
1495
10799
7903
12023
1246
206
1355
646
5943
239
2998
1615
504
983
361
2697
2285
1225
1673
575
7380
985
21690
325
5743
2028
2286
556
2770
110
4328
813
1969
65
350
573
237
350
7421
1794
2110
2574
639
630
518
554
285
233
119
437
857
285
389
45395
24324
547
1056
189
1605
336
1425
1134
117
289
1255
2173
844
604
311
309
389
1064
36337
1201
1891
2147
909
843
1005
3416
24896
651
766
1737
161
3976
5690
5618
475
500
1763
187
11166
5024
4435
289
153
1129
11144
1868
1193
747
738
594
1712
81
164
46
110
361
223
313
637
286
66
213
283
2089
48
287
265
1259
39
480
505
1028
42
169
58
279
20609
88
76
235
1532
2247
443
248
83
7440
992
3186
147
568
92
280
120
30095
146
243
226
262
4314
635
443
1352
10251
252
387
1478
2888
24802
760
121
201
9373
1755
696
3046
113
557
721
35
125
1143
618
233
1545
275
6864
197
141
550
268
1835
428
96
55817
233
217
232
11169
7065
8640
358
1530
5290
80
176
179
8502
518
275
936
450
4475
7182
15050
60
243
4324
136
296
121
109
836
477
2900
3238
221
359
422
69
615
4210
415
2939
2135
367
304
165
493
4142
272
1269
198
558
3608
9074
1817
299
2431
37657
713
7450
3722
1994
14055
6020
234
3255
56
9
213
629
253
259
164
3704
2956
114
129
483
17
1346
5009
46096
341
8706
196
855
292
387
332
2574
494
1224
1373
16074
186
682
1809
34
129
90
9375
73
196
143
1143
173
102324
110
197
2350
94
775
1004
408
409
19
145
3229
2450
1277
79
250
283
1365
356
11411
16888
1049
182
4523
440
406
3555
245
209
25
8141
102
554
491
74
281
4903
548
74
34
187
5213
6483
8599
112
7545
893
166
341
1634
1864
668
104
379
1106
285
1259
1762
104
321
307
277
3036
182
579
1110
782
4934
3633
950
9213
365
96
63
162
2645
281
548
234
440
515
98
9361
65
301
433
261
12575
738
603
1411
457
415
388
260
16318
2676
4287
20936
604
11367
275
214
368
117
135
460
861
50553
212
762
310
377
1716
46
130
168
352
111
4156
441
605
194
622
202
3567
12814
596
494
1759
265
1672
252
92
1258
33
100
952
222
377
116
29603
1189
631
129
5485
158
195
867
1282
17
446
1
1422
187
10688
2228
109
234
53
24718
43
768
867
226
296
651
689
1220
2602
476
416
422
4781
85
86
441
193
970
200
1765
2024
17521
553
100
184
9861
105
586
89
584
2917
729
246
25325
432
3660
2689
491
650
4498
210
970
2546
1408
63
664
2568
228
120
4051
479
3809
170
166
562
647
2026
295
269
312
185
1020
338
154
218
328
32
1624
221
148
69
659
121180
718
571
112
28
450
704
1319
13929
171
122
511
394
1077
41297
14603
256
717
50208
326
337
2165
482299
9064
518
10547
482
276
2408
110
878
137
290
260
425
172
17504
26808
3318
205
205
638
390
591
8188
914
165
367
2191
342
2017
14338
1284
38
810
931
1148
4418
217
1106
435
707
1452
239
150
2312
67
708
2334
422
1166
337
956
14292
86556
632
62
86
100
162
555
4481
765
32079
2754
1244
1083
1440
310
344
105
514
70
902
165
696
950
77
154
3740
723
83
212
29
98
17
296
122
130
64
308
5398
526
300
4413
241
18579
1315
8625
1456
2308
2167
2142
267
12254
7250
529
861
321
25888
10839
531
1135
283
425
1957
187
320
1451
83
259
66
10852
156
179
1825
51
76
793
203
82
404
1317
384
124
350
14073
195
2518
8829
2443
2444
117
418
84
917
805
120
376
255
2664
1063
102
4552
2586
122
143
4580
194
592
129
504
207
11255
8365
92
735
466
218
745
1103
325
2051
994
2995
304
243
194
494
19458
1615
734
4900
6007
84
416
4305
561
1020
109
530
7036
399
1554
252
145
414
215
190
4680
78850
86
320
163
7464
693
1256
864
2193
817
4709
434
781
48
488
15619
2552
18458
7311
3397
3453
1376
200
8878
5473
276
758
191
1088
458
130
40
261
93
4745
53
74
652
8192
5883
225
150
1866
1462
49
743
683
3986
916
47
63
4947
470
2401
7271
604
3704
130
125
594
17045
350
2886
2706
79
226
145
216
933
397
206
1139
1131
617
46
483
53
447
437
18594
28931
193
57
166
113
791
236
147
14300
112
161
94
1470
1854
5852
9094
100
528
348
80
9
3085
2915
77
84
204
588
4579
1294
164
3071
18488
107
407
184
83
128
292
741
100
132
308
12641
65655
4472
59
4360
309
1212
3994
6373
76222
356587
1151
377
1678
56385
3642
287
4936
1541
1388
5107
285
209
4559
21151
189
997
1566
2251
2080
1771
647
524
159
356
76
6231
336
17059
245
637
332
1926
524
8495
71
139
127
34
937
1247
302
157630
1134
178
2051
1490
187
741
2007
42
265
195
25
1024
2211
138
931
3652
6763
551
129
458
8194
1537
686
184
182
366
869
1810
2164
252
4
64
181
64
3296
10715
219
6006
470
58
12386
668
120
156
223
343
56
9741
397
1821
117
36262
437
428
501
263
6282
809
4331
82
212
1495
1034
722
2663
786
629
1601
1785
278
52
94
274
667
393
1001
19203
7518
2227
1840
476
14356
115
779
415
4287
117
1923
513
11676
22345
5340
73
752
2314
1308
148
24407
722
156
133
1723
330
12003
91
289
385
746
256
85
118
454
34209
3378
352
2165
158
1544
3171
221
1134
1315
251
743
4008
42
80
82
3089
289
332
93
418
8792
155
1640
84
8192
589
603
1740
105845
1475
39282
736
453
153
243
1079
32268
770
712
1272
1718
526
342
2377
5361
2039
2488
711
3153
857
3517
278
4226
104
322
360
2134
360
1049
998
654
668
72
1865
1443
215
197
473
241
2870
4628
143
59366
4974
3532
788
948
9656
29939
153
216
582
233
25
639
337
147
21640
143
6750
212
5933
2880
231
7380
537
1816
1677
210
140
8123
68876
181
287
85
98
65
930
819
1248
1638
131
5231
883
2483
148
176
1999
1966
273
191
807
924
3523
701
4843
399
2028
332
865
567
1430
1970
2068
963
426
452
143
681
137
1502
8400
1191
972
480
145
165
2557
104
497
1581
1600
657
173
412
8002
1040
138
276
8
142
469
868
311
1178
571
111
2656
201
1076
121
3230
4196
262
693
107
462
24
117
106
334
636
1153
1097
23
12564
542
427
212
678
113
113
51044
417
82
272
839
772
1020
753
124
371
247
7700
970
106
731
362
996
307
372
342
23
1430
74
128
140
3139
131
309
240
99
156
87
63
9
1003
138
317
120
801
597
900
338
114
212
582
394
346
78
2813
851
5437
287
307
857
234
316
677
257
742
336
26
131
463
130
21914
96
159
286
123
42
483
60
41
4296
45
216
1029
1108
218
6290
674
83
522
664
28
1908
303
119
321
270
164
2504
182
150
539
236
724
71
549
252
234
107
669
773
611
219
138
225
354
85
244
1142
101
465
134
222
657
103
882
687
122
649
47
827
66
122
89
365
396
636
3663
402
616
3933
235
135
169
694
158
904
56
884
25007
1157
1191
183
28
239
63
2030
832
7738
1858
33
399
283
169
1477
3703
135
46861
1040
429
576
246
6736
4
198
217
313
182
616
46
49
415
52
155
240
1475
862
25370
211
589
56
76
1302
869
951
33
161
296
701
1687
318
197
5121
249
616
785
142
255
202
628
247
61
793
808
57
215
1760
587
384
121
158
218
125
245
47
70
802
30744
947
387
87
2222
17
870
16887
272
66
424
103
213
73
10275
83
254001
278
111
238
343
313
358
37
1029
845
31
405
217
843
7410
389
101
34
2208
232
69
484
100
188
266
102
67
164
321
260
595
288
139
109
361
104
2052
157
279
871
2788
1799
2
312
42
941
126
481
262
505
89
113
6869
217
1450
495
175
11
296
741
85
425
338
17
23272
47
1242
292
24137
52
300
1211
42
130
137
322
4391
126
454731
3249
60
339
1990
353
842
661
691
205
666
736
135
354
426
520
264
24280
863
507
1172
824
318
318
176
1659
349
1187
362
6867
243
352
404
283
1084
388
327
44
60
103
39
6124
816
1348
236
935
178
77
88
365
210
124
222
94
92
190
264
65
197
837
169
686
75
2133
116
277
577
54
5339
256
14886
947
39
6742
606
1163
334
22
219
6331
397
57
299
84
12213
471
459
148
1579
228
174
1553
245
285
73
63
192
461
57
29
30
350
1097
542
244
1738
42
1242
1306
101
1800
224
254
64
184
1586
1693
1209
65
163
123
1002
151
448
184
260
252
326
253
153
814
2534
1955
588
146
52
463
184
65
250
4167
1349
314
881
135
88
845
544
549
3302
5346
1074
76
274
296
3290
87
1747
333
103
892
61
416
98
1133
238
64
1215
1558
160
7638
1198
14896
1221
2119
55176
17430
4049
8544
12811
256445
567641
1838
17209
224387
219636
89346
1315
5086
8283
3843
9363
12970
42546
28803
8739
22395
17132
12896
109279
87555
20566
30974
12038
8573
6609
697
1840
2377
2503
634
16562
39620
4592
8880
1054
2087
2239
846
6941
1273
58359
1403
10881
11209
5896
2633
25583
7943
7776
2572
7454
863
7915
8497
3820
10421
4995
814
24858
4895
12643
2256
3724
9396
8132
7115
1038
78788
3699
222
6059
23776
8232
1936
1685
7587
4892
22994
78224
2567
8675
13839
531
8614
1047
5152
17866
16967
7080
2126
65152
8784
14311
9624
4378
125285
1342
18646
7433
29478
5855
1917
2138
1724
5948
30523
13590
7124
900
1572
560
4403
12396
1908
36288
5090
11617
11431
1467
28966
4530
2432
19841
1961
6657
11128
11534
10600
42840
9542
11446
7673
8705
3459
13433
1643
4870
15211
397
11446
3422
17993
2008
3697
14332
5249
5326
9846
1000
41015
4005
15518
1992
875
1891
6366
242503
10535
36544
7664
7480
9617
1777
2719
3786
1906
2773
2838
2007
8611
10625
39432
17729
7225
10476
6141
273
23766
32997
1093
15722
4332
6274
455
10864
8524
9100
9145
4110
5080
3763
13096
13654
6759
1192
413
6968
29076
3571
7636
2753
5889
18906
4277
6597
5713
4422
3235
5098
3225
278154
51579
1672
15949
12037
8123
14678
7071
7898
8897
21285
4807
4821
6210
13293
4036
14701
2149
5728
2557
6054
7787
19422
7334
26137
8932
67020
145835
6089
2568
1581
2661
4676
48711
14476
2082
11330
24
9223
46318
18888
20336
5445
11039
1216
13381
5605
28998
14718
7324
11913
10880
12394
24181
12712
3452
10691
2629
6258
388
677
904
5350
20654
12859
7309
8407
17445
3800
5820
42236
1808
2099
2914
3355
2329
15768
663
1462
3773
5093
11354
12726
7768
5134
22626
15680
3726
8180
3542
5142
3566
551
1016
7044
20696
1567
2143
2372
32
14681
17
19791
10661
83242
3916
6611
61954
8480
12171
1485
59198
9586
11310
12144
6679
6512
2357
985
29678
8415
46553
4465
405
10701
6090
5209
4027
2500
10446
3053
5961
12179
2686
7462
3349
736
35966
529219
970
11208
6985
2401
7396
9386
7299
4082
1523
26352
1049
58
1345
799
2309
914
32863
1813
186
7924
1396
15451
163
1240
124
292
2916
1396
180
90
9708
1584
2837
43412
74
67
920
19976
91
8731
23
1175
1667
31151
111
63
1411
2094
445
438
93452
13689
997
2882
14328
5588
1369
10206
964
244
679
2510
2451
1975
78
1126
1473
3780
12184
1900
6329
513
388
82574
46453
194
9236
2697
248
1857
73979
2574
233
10330
8924
1122
14857
5525
58
775
990
515
7111
5247
3031
467
123
350
249
505
1676
1708
801
8336
2967
93836
5539
2549
481
1123
4893
1747
427
1700
345
165
10016
17465
989
843
2130
741
1871
4846
276
807
661
1693
2007
2394
26903
908
984
2890
12809
1303
7264
5511
538
323
15144
5413
1002
7213
14529
1163
851
2391
839
390
1153
44401
1380
2505
1341
326
1089
2029
2117
7923
572
3288
1392
8338
1445
6527
3941
1060
459
2243
270240
331
204
2123
1816
2251
1177
2158
11197
539
4286
789
2212
6118
791
3770
626
972
1545
284
569
4194
980
487
3673
2954
6151
1190
1773
446
1120
769
1666
638
515
544
3580
7881
4863
1978
1890
420
730
2148
1874
2083
4536
807
15101
314
1993
8630
277
1884
788
739
2422
10218
3072
18185
309
2744
604
7964
1519
4039
4449
320
415
994
2760
15261
1576
14
503
1200
11221
2009
285
1829
1582
12036
749
6251
1404
6818
549
629
6260
10449
2976
2551
438
644
1062
3905
520
280
29310
3917
4767
12306
368
629
335
843
5469
2334
8870
311
4144
1690
319
15885
2820
4618
774
713
453
3011
468
2178
2351
361
1693
11068
43937
507
11147
679
280
210
22501
7749
13268
340
26936
505
13852
14922
5623
3995
2596
285
2529
9935
2788
7129
1622
2529
2151
1819
3419
2412
1300
9402
3779
285
725
1073
512
2332
26745
594
7955
11068
1543
53971
6952
378
134
755
494
1292
539
3714
870
6406
354
450
1676
3190
2647
3268
8590
6289
6831
6595
468
1519
7992
651
6685
3185
4812
30013
29355
390
14629
8464
1312
4495
1727
14954
1207
1279
5373
22368
23414
17539
577
973
10994
2722
2893
3026
11065
3444
6582
1892
2052
255
6995
428
4134
2618
3862
2367
386
28669
283
4838
1020
2346
1596
3754
20563
326
35889
3143
19883
810
3399
535
1471
940
297
5744
8890
18514
1431
4581
417
6522
1005
1813
617
17404
10471
864
4002
790
1709
4895
6036
3787
335
1521
1583
1779
25936
541
477
1506
899
883
287
19135
3323
2463
8224
4153
4890
6330
1747
1284
545
430
2267
10392
2859
68815
411
2608
3684
1023
1114
603
568
9034
994
1087
28173
1792
4824
9608
7141
611
74281
6043
8391881
3295
51295
530
1618
999
918
4603
688
7710
6580
31110
1157
6898
1577
1276
6696
1654
148
575
11056
2321
1014
5260
14054
10658
597
12957
3039
1395
663
23968
17177
976
1090
591
3684
1516
2311
1765
696
3432
459
475
12225
2240
24746
6483
5459
5093
3641
378
1906
1553
1356
2137
2574
353
1321
1278
962
876
19380
7152
431
3013
994
1228
28222
1585
1041
8031
9136
603
945
3338
9873
29564
321
2281
1172
1206
3337
484
1994
510
7851
321
3019
423
1165
784
261
556
207294
24473
33443
3157
1230
1065
604
2290
637
1067
15140
9588
1437
853
370
2440
1599
5628
881
45
2866
711
4769
29126
3830
772
17740
670
61469
973
1357
8058
2037
5045
6635
519
1396
656
3116
435
1316
3622
2797
782
626
2577
10220
3436
3217
231
1602
1108
6429
4497
3424
1171
608
1601
3406
3364
319
677
3471
23701
4165
1207
1910
1798
11032
1071
138560
432
11169
821
2609
1132
14766
47556
1796
6261
870
3799
239
722
1036
1038
566
1921
1895
58040
1874
475
36311
559
1140
2589
542
1976
2763
927
6998
2795
550
6018
3588
6942
6164
2137
4980
27489
1810
9468
1989
4293
1777
5243
1899
609
4815
5046
15114
2191
3352
2020
19
10271
815
2557
57468
3722
939
5126
7184
1138
862
1591
8976
1060
830
1288
473
201066
2543
1862
5810
4642
359
15489
712
1611
4430
589
34031
401
9317
24734
76636
163
273
1848
836
576
203
5040
1319
689
343
294
935
267
1200
60
4309
345
2042
9529
1301
1026
3569
1571
5592
404
1758
1127
1562
1684
710
7910
1663
1477
198
590
4784
3950
193
491
14138
1098
336
6726
354
1179
431
424
1353
415
4371
51577
1668
6391
2671
1404
475
309
843
3855
1410
5881
3183
18368
2070
136637
319
360
472
827
970
318
116
238
2049
53546
704422
5828
166
3762
721
1153
682
16362
17780
843
8736
1286
2183
323
199
799
1051
74
67251
325
1900
7428
648
981
24738
419
3164
3728
256
275
3884
115
10547
1665
220
877
1452
882
425
1869
242
499
10173
229171
247
518
657
277
3639
1796
15350
5043
20437
3688
4121
428
677
978
1383
7158
3695
2330
4909
238
148
1143
2622
5798
781
739
358
114
608
4653
198071
3038
4761
6963
333
536
2097
493
3963
2012
1370
1423
17910
3838
837
27533
1105
862
72934
298
547
4881
1081
120
38335
386
14665
68
4574
2307
703
590
2314
255124
81798
2264
469
697
324
465
5764
651
211
93
5921
68
21966
2036
471
1976
15777
12223
2160
41469
959
103368
834
1843
5796
375
603
853
982
21749
490
13824
635
3016
44985
95
19421
632
80542
3245
450
1344
2235
43404
222
1165
1993
23193
6826
6984
11147
848
22056
147
3315
10160
2515
2737
1002
3031
63
1432
3121
147
88
418
2165
15374
633
67
5936
17857
561
13246
20213
2729
419
3431
10925
140
638
2688
4978
3699
60
2801
867
120
21924
665
400
106
82
105
2246
906
982
3495
1471
170
6998
828
1798
3279
2117
27486
2724
2608
951
10806
234
550
161
868
3396
4522
6405
121
2850
342
20647
694
4639
308
33436
709
332
22133
9680
17029
14018
527
10631
1402
10171
4360
1729
2415
1528
3058
4566
1913
28992
653
620
4371
13578
624
1013
81
967
976
4134
2462
1168
334
8297
4636
530
960
801
101
475
8668
167
433
260
616
523
554
2749
717
1261
1416
12442
1563
1820
1242
7184
527
2775
5302
3798
2919
535
255
234
1322
1672
131
4116
405612
1758
3681
2324
73
773
2951
3499
14723
321
907
516
964
981
3137
16190
1242
718
1537
8795
2018
59577
3113
457
602
1294
1392
583
1152
8681
240
2783
333
1277
4059
530
1101
2033
457
31041
591
318
334
29922
372
4931
2141
606
260
688
7063
171
85
232
2210
2412
21366
8747
468
124
13201
1553
12862
2621
3242
1764
65
3402
69
3823
1306
12313
1954
368
9356
1117
3211
728
796
26644
708
282
3825
971
262
395
210
7753
2658
2061
2039
1089
2457
2749
10035
67
1814
896
291
26615
2778
581
243
4024
7001
1998
3462
1709
272
8116
4542
861
266
605
811
327
562
5182
765
27915
4767
3565
2940
1590
848
225
835
3178
10176
450
253
4217
10191
3099
405
10119
1653
5488
2758
4121
1135
2169
769
607
5222
735
3128
5364
101350
48723
1716
3028
586
3974
229828
4881
892
5832
748
2652
2825
2236
786
4875
270
174
50
222
51
84
52
20
90
22
246
247
42
53
137
106
387
672
22
17
60
17
60
56
925
817
47
10
30
446
2891
168
130
61217
2046
325
110
1515
34
83
29
58
70
22
197
1013
81
326
18
20
1022
36
140
1955
247
2044
45
1320
55
537
174
71
100
48
143
94
85
119
20
885
47
138
932
146
257
60
82
101
196
6711
47
16265
120
83
61
266
778
112
735
69
515
219
233
37
527
1454
40
482
997
78
150
44
357
95556
487
118
389
264
59
58
229
131
456
94
27
283
42
265
74
275
148
34
87
1157
21
225
237
311
120
796
163
89
112
63
3954
51216
169
8
238
108
198
694
72
207
23
62
55
966
150
15
6
1580
718
647
82
16
188
2200
725
1140
1474
250
248
2078
312
74
94
14687
64
104
54
1084
146
11
681
641
59
39
347
689
790
25
1597
112
227
1299
38
33
445
89
23
254
695
143
2876
1018
2121
166
16
16
26
34
293
64
401
474
138
18274
65
330
743
120
114
69
248
73
1779
298
95
74
282
662
65
292
36256
590
689
25
89
182
662
122
202
19
691
393
39
79
558
215
1197
859
1838
52
63
138
63
913
1752
80
113
143
17
241
209
71
1345
1073
68
547
10
162
68
160
22
58
82
159
111
552
248
75
552
152
41
168
306
326
174
577
261
57
144
54
530
1428
46
2510
5
189
83
357
380
182
19
345
282
218
52
84
118
212
268
42
88
74
302
78
26
1279
306
145
621
439
151
892
124
169
144
954
1127
54
173
245
480
499
85
705
135
6286
913
18
91
45
7418
174
23
885
75
1234
1399
24313
461
60
128
13014
197
720
206
118
856
43
71
464
26
209
109
1503
6066
131
1003
383
739
207209
822
253
866
22583
717
3559
3571
185
11738
530
1214
1602
1075
84
1624
974
381
552
1954
4431
1209
843
21741
1306
19680
3291
338
22134
901
14645
17427
24351
397
1045
127
732
2937
26533
4015
373
1757
90
636
14481
1101
11037
402
445
41975
340
12851
10441
4540
6824
777
12802
251
7854
1692
492
164
970
6470
894
289
17994
720
313
634
2654
1347
731
1319
12709
120
4296
712
832
204
975
12771
3893
887
1226
1168
407
316
28775
1843
1163
501
1253
12767
1262
2317
83
2049
17170
10316
1443
19053
602
5460
150
35094
8210
591
3083
243
12141
277
191
245
1489
875
252
2503
3253
500
2305
532
11150
2161
8394
5056
6438
6826
78379
1996
3790
6106
476
3211
320
870
123
313
197
3962
10221
1508
141
22822
3620
5440
193
1083
133
869
83
288
203
8424
357
22193
105
887
537
333012
13700
422
524
487
302
12849
431369
45404
2735
170
1403
193
6081
2064
541
4393
420
6015
769332
2107
835
363
189
12377
1156
1040
535
604
6317
327
11233
2631
1152
4880
2126
1714
2428
426
387
208
51095
529
560
1717
1079
296
153843
5780
81
16012
1154
34543
285
6766
2891
2865
1790
158
666
282
12424
2903
1419
39310
936
258
1601
24317
19733
11963
4688
777
7945
1938
451
832
498
47
1896
1354
2495
54947
276
12640
2534
46998
3025
31780
1865
42555
7007
3248
79
15622
932
1281
364
932
36657
505
234
863
1450
18600
415
1481
1329
3689
12872
1037
13118
1293
478
2508
391
16453
271
156
34243
557
10669
4106
2020
144
27477
2224
2259
6289
1490
2279
3398
4993
523
2408
167
10005
958
2226
195
299
615
587
1983
1275
3784
182
6374
1022
371
6387
5233
191
872
107
23428
312
5004
3851
1190
12817
1505
34634
5348
366
923
514
62742
637
291
994
379
99
191
316
9491
254
467
400
2561
640
643
164
346
8936
2153
228
146
3390
274
287
8633
1397
28795
263
6666
1299
1108
71
1324
205
324
413
953
300
7630
36953
23026
706
424
7327
6716
393
11282
98
6164
70
1437
556
1817
3412
1218
214
481
474
144
760
4044
845
1244
388
27915
8022
53464
166
898
1034
246
123
547
7462
802
289
2021
164
2864
1073
50235
37243
699
182
498
543
20756
1294
178
2000
2161
1710
221
4074
1069
37661
184
3927
468
88
2988
1114
272
200
3491
3445
7394
9629
70260
3522
293
3052
9453
11855
585
1140
101
586
991
211
1371
13728
582
2005
709
1593
1569
3185
10546
516
199
9085
3145
317
924
1052
268
633
1191
2096
49414
1026
23484
658
835
304
3196
14094
35776
116
815
188
6618
431
18394
29995
32734
900
13799
3098
17603
1701
26168
296
681
51895
8387
588
555
19713
14813
2497
556
2460
51593
260
604
262
144
1339
6337
703
1163
115
124
3655
934
898
197
27
840
3912
1221
3274
2775
3914
12426
1339
184
10584
3971
6433
3041
368
292
1578
245
422
187
242
3555
6098
2697
491
1835
16135
589
376
5148
460
129
8741
185
1892
131
5690
763
141
7332
207
47415
337
75
536
2153
3077
2110
5617
3880
2563
14970
785
887
4084
4558
2601
749
2669
1511
1476
17265
2519
210
795
4606
541
3924
1367
910
1340
131
332
19122
3362
643
16774
9583
561
3643
352
2565
1590
31053
979
823
28781
190
29229
201
5549
11484
16855
117
20404
2805
1613
3703
8392
551
8440
4300
80
755
257
8105
5182
3240
176
18989
270
8404
1479
246
572
4396
4585
857
83
854
23136
18989
162
1176
77272
19585
232
12719
136
3331
1161
1817
1362
692
5712
1299
17697
815
584
761
17780
1933
1369
20551
378
3560
155
424
1136
171
861
1798
2647
349
1946
432
6127
322
20354
563
252
207
13144
1653
623
1089
131
544
698
739
170
11442
432
392
10561
2809
47
572
34096
3599
445
10149
2197
344
858
1655
610
6283
483
25176
1193
181
554
1082
386
18734
250
123
1890
215
6416
278
519
264
1530
422
611
414
2771
4658
5026
2408
338
108
8150
1966
11770
149
1314
25651
191
850
368
747
308
1056
4510
437
11538
775
2433
3519
26209
13401
630
584
3519
8912
9271
309
800
683
1502
19901
3094
5150
161
786
1300
21886
1561
323
1745
1635
1773
21031
3730
4039
4062
217
387
449
735
2031
196
834
2144
17871
10467
62060
483
81
18681
512
179
577
33873
2708
273
14713
42385
10674
1341
225
2194
446
284
103
3470
3627
868
19225
859
17347
308
2233
6088
1135
605
17312
1183
743
9260
249
316179
372
5142
341
10950
468
25893
22013
979
17340
5468
6267
1638
289
247
12571
32321
6362
11384
891
2110
236
1994
577
315
14101
327
10120
148
10752
442
2503
335
21007
562
931
3116
311
2263
9464
43402
13520
760
13509
740
5222
7216
4480
857
641
968
786
3093
4731
5949
3880
1287
12692
172
36911
480
1190
4273
2439
30336
259
1731
394
700
166
4619
1666
138
1477
3070
1733
384
18449
3864
13117
160
6592
2392
1024
22934
8641
13881
434
12548
339
114
1068
2731
3827
2657
750
2388
315
1975
26214
13493
195
8345
27437
94
3275
105
1241
72425
399
203
24902
190
540
17019
717
110
1073
355
143
268
666
183
999
19000
4814
544
191
39
6380
2523
1532
734
285
24852
2172
150
497
444
53
3052
109
351
19
1213
36071
129
1369
1360
306
536
200
19767
2913
298
553
667
21433
100
7203
784
6762
291
1218
588
466
1090
677
364
320
202
313
240
1066
236
35
107
4370
94996
4105
160
94
1112
149
138
1756
359
298
1170
40
2379
993
1909
546
259
106
321
247
209
564
549
40
143
346
1612
640
78
273
882
112
7897
226
507
108
983
2844
418
3461
2229
1384
742
17191
11587
2173
127
17397
734
50
300
3251
8852
1914
1132
873
509
5204
154
1516
2478
18
826
588
164
133
563
8975
138
386
1432
258
447
9597
400
1124
140
868
315
2665
124
456
22297
572
146
902
3331
662
1278
549
230
231
33
363
401
2882
22569
16877
444
264
667
403
81093
475
1651
11517
87
784
16999
752
47968
1088
131
2768
1426
976
154
76
2551
28
396
319
131
216
1082
22
1168
486
633
426
4362
339
590
134
123
271
356
3811
261
15
403
309
816
223
100
1236
176
957
99
689
10356
1842
227
1234
915
247
177
322
30
930
72
1784
136
118
6377
11503
11117
901
168
469
133
294
5291
2069
1991
146
360
120
2786
3218
1416
81
2050
6004
88
99
3442
136
111
3519
148
5588
1957
51
3573
1795
1
60
718
5395
539
176
1008
6783
342
194
1741
57
2966
31
16143
371
204
236
2752
742
327
371
1002
150
141
206
534
298
340
1632
86
4358
1614
253
706
30
1400
2136
239
587
94
169
8
396
686
1818
1043
128
91187
324
173
308
296
97
2155
180
71
2886
154
1596
5358
435
308
127
11
12
84
1178
18414
484
4609
64
3781
89
2701
265
2889
644
103
248
2507
274
4590
293
187
1158
32
1294
131
961
390
973
187
63
12910
57193
305
331
349
1816
173
53763
1255
1309
638
1253
355
761
3162
282
39994
18384
81
192
94
7528
2947
2145
4099
2437
1064
5915
93
109062
894
424
3922
859
365
68
511
1128
1184
601
1150
2823
560333
12558
340
621
1139
290
229
188
28865
410
1431
657
100
6067
3342
2146
74
137
2613
4948
146
1547
5753
1926
285
214
4482
24782
734
607
739
8291
2132
429
9260
6224
43
947
1087
347
586
501
136
245
445
152
564
285
14
102
176
1060
411
510
740
181
766
3505
254
70
65
1359
838
215
1479
8812
18868
21230
146
755
267
4055
604
784
6828
889
45
874
122
130
1207
30536
503
296
101
6897
4090
151
40
1331
291
771
136
120
582
4073
1290
2327
209
604
724
23
2933
46156
3479
498
103
1481
415
42
2700
208
56
4900
237
73
611
16666
329
1230
350
210
178
6721
1099
84
353
978
50
417
9849
1214
766
3223
3171
294
447
106
389625
367
374
6159
899
1502
789
34
738
703
207
701
3146
1538
624
6057
8139
205
362
2461
422
134
438
1542
9501
239
561
5630
327
1227
1948
755
905
10387
90
721
605
904
838
255
934
1637
1405
3309
226
2903
106
1646
454
1030
156
12348
786
348
2271
522
1473
65
23511
777
291
140
48447
1448
60
444
20996
9737
1187
3692
1019
9439
3213
1624
145
1148
93436
77289
3045
404
6008
1642
2659
431
15765
1718
553
1580
1715
1106
1405
16556
696
1621
1080
1966
627
15372
3984
11610
51557
9190
612
5114
1082
16161
9697
2373
111
1387
279
972
1026
593
3075
1476
1458
8321
668
1657
163
1758
2713
153272
9907
1091
8748
21448
390
878
792
495
1196
2467
12203
862
1907
1069
19
32829
142
102295
395
310
902
12904
3510
180
1391
15325
95538
1374
6945
2851
473
228
285
9510
323
1786
920
2208
3146
1483
684
227
967
5760
36145
2965
20065
3632
12707
37527
1450
2353
916
15937
266
8164
20
183
239
1042
1161
31529
5820
616
617
413
770
73485
868
753
1711
1121
6319
20841
141
7590
9726
598
121
325
502
3379
477
3437
2416
233
23312
9932
9532
1920
492
2967
939
3221
10942
31798
226
16450
4542
4405
1505
566143
1090
723
881
72
9890
1804
24556
4154
136
1003
347
1355
1928
20353
225
12562
449
155469
9068
6392
809
355
6187
179
2598
26
5721
17930
1094
9762
1655
296
111
57254
1947
7383
2608
117
158
7093
8939
6236
1008
12314
49254
4393
3283
15651
26745
1736
251
6302
1961
122
1880
4400
2311
2035
793
4484
318
249
278
25533
695
385
1952
19327
5442
22900
3208
748
920
1026
957
204
1549
195
4034
173
1511
2405
4268
370
10548
513
107815
46287
6217
6985
1605
328
6521
898
121
5195
373
3091
2675
257
2703
1379
3181
103
799
562
4772
1445
2663
1096
762
3981
18487
1099
5317
217
2761
487
276
174
4340
8969
948
881
973
2969
683
1350
6173
1121
8003
1875
1771
359
607
177
2500
918
2050
882
342
10173
1089
283
31545
73088
2101
1156
638
5199
85
246
3341
6712
1438
1091
472
12767
1447
465
1470
1237
889
3940
3247
2671
1823
8308
1068
9511
643
4401
4888
855
385
9677
382
2026
7983
3940
797
2593
495
1340
1477
179
2031
280
13956
6259
199
423
44
2611
7436
8721
1684
9168
18572
517
7934
958
3560
123
89
142
8080
6594
1529
330
236
3216
1146
20
1067
773
4172
18546
234
4542
411
74
37101
2482
846
100
1697
983
1113
3229
7791
508
5232
616
1540
4939
216
675
6108
2140
6580
488
1418
126
137
2111
118
449
11767
1061
660
5082
8417
10089
2408
782
658
786
8341
553
8456
2118
1842
2574
418
3384
5597
3538
6331
329
2371
742
6106
579
295
1471
1572
555
2439
335
1349
2472
4081
1231
4432
9963
250
728
422
492
787
615
776
2442
722
3664
2770
5877
2402
155
5253
8451
1931
8012
8138
1827
89
2146
7574
1189
206
1135
1492
1230
395
13913
2580
6704
4338
575
142
1192
1438
977
636
1156
3029
2495
2287
26361
4361
1944
769
559
290
10411
266
678
1862
334
2901
9127
2356
3129
1591
6570
4658
212
339
332
787
226
1441
12103
1289
1663
1096
1010
7921
1206
727
11417
2161
2390
361
13182
103571
460
3628
1889
1836
776
5938
832
1160
2029
514
206
913
286
5694
473
659
485
1640
439
4018
1238
6877
3124
378
1708
6484
131
4241
4600
257
5430
4109
119
395
6613
12368
558
593
580
1585
3391
2063
1779
85
1210
1597
416
2331
155
8072
822
2939
1638
58
4530
284
363
217
138
7250
523
1841
942
738
405
662
652
4077
17
572
269
15255
4422
6055
7665
839
2860
1116
4227
15105
871
47418
879
262
2932
1289
7154
2854
1295
537
68
21744
1142
5738
16182
354
2626
5480
1696
3628
137
4732
1606
137
699
302
208
1243
871
648
1444
2040
892
4445
312
6771
480
583
949
14988
452
1775
3389
628
4041
805
206
1188
626
9851
134
311
651
9803
4328
685
2222
4308
4531
4883
2645
21497
1026
474
3723
230
2657
5310
12932
328
4286
1076
582
768
2759
5102
367
1487
2894
55439
168
191
546
1955
1067
15593
10715
4140
264
4439
8328
3752
169
697
607
24254
2172
1917
1117
5433
3956
170
301
386
5500
561
8466
2423
215
1599
861
1079
1087
9059
281
4149
886
8503
458
1025
506
672
1370
12069
80
2752
1865
513
2082
930
1027
2120
298
387
22076
6064
2812
3140
388
479
370
4364
3149
2493
4668
275
2929
363
3264
437
2245
579
2622
412
686
208
266
1658
2137
2431
3343
2624
1695
13209
8730
507
5431
2191
1581
425
2252
1331
433
8771
2824
924
600
3506
814
1119
1210
912
324
2475
683
7353
1459
754
3659
389
940
6354
4199
604
3084
5701
8000
4419
477
27643
1967
1565
4594
1516
5763
9630
2651
1926
82
5887
236
1915
986
7331
3655
3076
4369
2939
2320
2831
1334
2451
11092
19520
3149
10202
2775
4060
6081
1428
3312
283
567
151
1588
812
963
6026
2276
121
75
362
24060
175
205
7054
2211
510
725
4253
385
5188
2284
13616
196
799
114
1779
199
1086
1466
278
232
662
2115
257
2384
1309
82
2333
656
31989
9956
1300
1946
5718
2896
1311
4198
3885
835
3508
3239
1748
5812
651
1428
567
6424
74
3607
10502
840
8509
4951
475
398
231
2968
1142
139
4712
1008
5212
7066
1074
738
3486
2195
509
609
1837
1493
3669
2933
566
2510
282
3310
686
8669
1692
419
202
1547297
2932
16643
667
290
2037
3324
311647
7553
442
7982
199
806
26249
316
6051
1229
991
2567
2166
1770
277
251
572
631
941
3855
21429
14340
937
236
1243
6520
5864
8672
2157
303
138
495
2110
81000
2321
6067
1202
2518
403
1507
1331
4043
7029
836
995
761
1862
2263
2060
3638
392
2488
893
367
789
1666
984
196
423
429
959
4692
840
833
1034
2973
80
1867
13318
386
800
250
324
877
687
652
1604
756
5400
810
303
5141
1330
4403
71944
5432
4493
2543
100
508
452
3565
976
692
90
7361
1449
219
14746
5352
3296
4060
151
118
5140
892
5021
1103
5582
462
221
1464
130
1400
3582
973
3635
4430
677
2952
1551
45
794
407
765
331
6306
6583
405
1161
2126
1023
2212
490
2046
736
512
957
2195
5997
313
1161
460
3410
3489
2214
228
39898
5629
2002
202
521
761
1011
385
2789
524
336
6397
4944
553
958
474
487
2966
9810
1544
587
6134
8760
4836
1154
185
6550
4521
1089
6135
4615
1281
272
685
429
421
4037
716
140
587
561
5701
1977
2803
1315
285
3080
1852
3370
1693
237
1445
1074
1964
1764
376
646
5511
229
5219
630
3295
341
11541
283
2884
235
193
572
19
511
4988
698
267
2645
1566
476
109
644
326
2211
622
9340
583
14716
187
1424
2110
346
1412
10152
4175
2593
426
160
3245
275
2453
3321
1022
18429
1500
1173
520
1124
2781
3301
1992
1100
1256
335
1071
846
133
20418
5000
2848
434
4921
4059
96
6651
2687
4209
688
1213
13397
1141
8117
40964
17112
1253
29304
1359
2016
226
7716
3975
2818
1314
542
2819
260
142
2632
710
78
2242
531
2994
10476
2511
611
11436
1020
40434
275
797
659
371
1660
3068
3954
18716
80126
48570
23467
71953
171909
84760
43372
5476
29494
3554
27181
2971
847
412
1215
669
3336
4733
5653
12120
4683
8985
364
3761
1909
2819
127
12519
1484
403
1135
1026
554
568
2692
2164
7103
403
615
455
13062
4079
287
758
115638
5386
1107
5958
1325
13002
8923
718
5158
129333
16317
101
148
676
686
2460
591
6504
2934
6467
328
1261
3228
20540
794
4360
716
537
1284
204
678
2311
295
3088
32180
2478
9913
806
10701
7870
278
13126
1473
8441
357
661
39064
60
996
2016
375
61782
22710
25775
2737
16253
3580
695
7342
1064
483
443
417
34249
170
1315
4656
3713
2139
11942
4717
1210
1664
107
690
37
1499
2337
886
1965
1129
3176
229
6691
782
981
10160
2672
505
1476
9478
16321
3070
877
268
141
448
112
2378
157
196
112
3039
548
734
516
2301
391
2685
3867
6678
22379
1011
1387
7266
221
152
66418
4628
31968
396
11061
2250
388
1947
862
791
20880
97601
16221
360
630
207
13206
2870
2507
1161
115
347
140
241
63
607
103
3153
244
3036
1997
482
93
185
11421
1055
869
2344
213
552
310
2579
795
2025
326
69210
133
377
276
2146
1933
1798
132
417
2986
724
223
1080
1214
259
7832
534
196
17778
585
133
85
239
680
2440
40387
2801
499
201
227
1891
1013
45239
272
38412
4838
819
167
62
5184
2393
4622
291
110
701
92
7908
199
2032
882
3503
5791
107
2370
203
2598
14061
2658
949
300
1578
116
3993
3133
134
3630
176
4174
867
8189
24992
69
29
9
915
641
221
34
86
920
652
10
137
130
129
483
507
130
930
34
98
4985
55
2279
539
323
355
249
487
4271
90
8106
100
55
550
321
1218
37
20184
260
376
313
154
557
68
12
46
647
117
4269
153
684
137
830
138
2292
296
27
82
125
1044
1192
550
286
620
134
159
105
569
6
118
1118
1980
117
79
92
1272
3176
213
1074
131
251
37
81
437
932
88
792
244
1997
655
498
52
668
311
926
75
103
128
439
21
654
2201
289
2103
142
240
1177
62
98
58
1113
200
400
241
1020
119
145
1158
54
1416
5410
203
2277
357
109
295
251
351
357
88
38
698
927
3
101
244
4093
380
885
519
538
378
11281
72
844
396
267
232
169
618
623
280
327
700
178
75
760
42
424
643
50
273
2848
66
1169
2842
383
153
157
18
48
9
203
722
6605
811
981
61
211
644
145
3167
1323
1207
167
14747
3142
149
443
81
64
465
533
20
226
622
690
44
206
2601
106
48
468
141
177
60
25
615
46
53
971
1458
199
714
196
254
101
14072
571
1296
247
633
113
285
46
195
67107
77
69
2232
73
211
131
44
280
427
193
18
761
176
1306
777
647
48
86
120
158008
2454
252
9979
149
1474
298
92
60
93
5981
425
273
357
4623
422
49
170
235
619
188
52
48
1082
83
790
244
6
10417
759
63
16
23
1606
197
1506
344
821
83
48
445
76
20350
589
1661
189
231
831
121
10
513
378
569
18
856
234
520
2671
397
65
634
1174
112
13866
628
2125
2407
8724
952
3430
674
1130
1171
3919
4613
14284
7466
960
266
494
478
48070
1428
3067
541
420
3518
2292
1197
816
779
504
1763
1681
5556
282
1068
37159
2674
25821
10216
1432
748
446
1462
865
523
3575
2229
2368
331
1348
268
3945
1350
672
1166
171350
6802
370
124565
40261
2681
9713
941
8195
39646
999
35248
29880
3481
436
987
98
9333
1715
936
1699
11811
1464
329
208
2721
6921
1505
836
2129
14019
1627
323
580
2839
377
5569
2402
17177
527
19985
640
13757
593
1802
232
1454
5779
2235
559
3769
8112
20689
7215
365
6144
60629
605
923
541
841
30504
760
331
843
5805
41102
416
487
1406
17299
1289
301
1467
1123
6716
15336
2032
1843
505
2165
6641
3982
7922
6404
48332
1263
549
126
3820
929
413
288
9165
4109
871
1020
380
2072
63732
1913
3079
8219
2511
63141
5469
1291
1386
44758
5594
2982
185100
4536
8091
142
1856
8129
1940
2635
30862
10891
25005
8092
11101
7852
396
1002
3556
940
1898
1799
4970
2209
942
6096
337
1685
5297
295
13606
4697
10070
10202
27258
1343
704
1930
2267
193
676640
675
606
7928
295
6471
10922
448
208
1213
2933
707
28054
550
2085
2377
5470
23396
4538
6693
105209
605473
3164
1051
1960
1395
7551
2854
811
3148
156
1489
232
5494
5181
27751
1083
3350
3822
687
119
700
9950
255
234
2491
2132
608
608
6430
1861
1454
693
2049
634
4168
11391
1256
7826
677
367
11765
1112
1512
402
1785
7520
316
814
5539
4341
612
1253
1287
863
350
251
462
94
7318
932
4694
17297
910
20149
7253
94
213
4430
39724
1291
12859
2947
1353
2391
3104
4985
1693
2142
17595
27369
579
328
592
1820
6654
2195
964
1336
2269
1357
3997
347
545
1613
4510
874
723
1210
18533
2294
3636
10546
330
134
1484
2125
912
610
427
1419
4188
2106
2236
2534
10316
2189
4500
1583
352
7876
988
2607
278
289
328
2764
117180
225
15737
154
715
17526
7477
507
1759
2944
19685
84253
331
6460
1164
11954
4289
23284
1466
189392
1134
693
2081
280
10448
19123
415
1981
1302
550
656
246
2237
4496
1125
465
150
8754
1791
1236
3612
380085
976
1259
820
12155
5429
2867
1044
786386
180
417
439
11520
222
713
1647
20258
3008
3671
445
1216
1544
649
227
398
1727
1637
8439
17672
1665
348
70872
534
2058
400
676
110110
769
49878
442
3110
12530
18176
377
9654
1322
4494
17799
1514
23332
209
987
1426
2045
1204
2604
1346
24494
697
3127
210
354
1670
395
361
927
1456
2393
996
450
10639
1228
10528
452
1323
12656
1716
5496
1390
1784
5320
3016
76
302
5643
856
16148
907
547
8466
6163
180
920
3967
1824
215
8940
957
176859
18837
1560
74656
494
395
7784
1984
452
495
1891
4847
3855
10501
715
36169
6011
375
510
247
2692
1215
3702
351
1351
5629
753
843
2281
257
3622
14530
224
161
231
5325
129209
6668
328
4237
3053
45318
64422
859
5695
5777
977
2675
338
1811
260
1087
6510
669
1023
1312
426
500
15687
3709
1896
3360
871
1253
1281
29931
7920
3503
975
10915
3769
931
4313
208
766
4631
86680
24974
1514
629
3936
3868
4211
2921
2182
9066
673
58431
18110
195
863
2147
39663
30808
1493
20981
287439
142
1873
26253
224
1204
3484
307
303
3920
3312
345
797
217
856
6686
1591
1065
701
317
933
12920
7084
6474
727
147
606
1270
2375
1074
7136
1299542
2454
1703
300
957
7772
104
340
6523
3365
30938
1845
2344
385
36677
24128
122830
4140
634
48289
702
430
4581
5530
288
17836
3607
3693
218
444
113
50
17548
114
3349
163
1875
805
3779
14163
36472
3651
27185
2707
967
2220
3845
633
571
962
627
4625
2363
2597
1426
72424
122
5845
299
10795
3612
1800
2899
9917
1277
2939
1412
620456
6661
178
1511
430
676
19795
1459
152
53352
379
920
368
5843
1057
3705
6422
8416
4821
602
26742
3542
1252
6539
279
2581
1442
1148
7643
70202
3066
413
14018
15647
225
7662
727577
1443
1250
11305
12618
2938
34106
3538
102413
2004
725
447
955
1660
16518
10160
394
56148
1847
3397
222013
757
868
310
15136
50891
2200
990
5369
5126
6311
11344
2986
1030
276
1721
1967
398
7472
289
265
469
252
1232
612
8570
8872
385
163351
3173
1600
1373
2865
305
1379
51098
364
25553
2177
446
4307
548
14299
1087
1152
6014
1351
443
662
2157
2461
498
3171
40811
2928
1862
592
790
26026
65289
1031
2497
1575
618
1519
568
257
4550
8082
271
354
2354
7960
1036
7639
11648
3199
14367
13588
3879
1387
12250
3001
438
531
9336
16996
1133
732
8943
738
7153
1121
1138
1770
3311
9022
1828
3017
13753
2502
2257926
423
2717
1749
4384
2178
1816
14865
4612
2132
38087
38996
3164
14232
326
2137
39
577
343
8992
681
1909
430
997
6331
1253
377
205541
2166
1701
9870
4342
14435
1088
1470
7325
422
1869
7254
957
954
1676
185
2135
2562
984
5986
4390
2615
3527
3318
13891
8946
6435
40055
2520
1361
1166
526
3290
710
307
7284
1819
5299
22828
12176
119512
24591
8695
1941
132
420
953
507
2223
745
1793
4485
233
28543
1428
5948
691
7133
6445
4741
1847
4039
4821
461
512
8139
28980
1009
321
1346
1019
917
137
11467
398
4889
14194
8815
7821
36236
34191
226124
265
1231
1442
434
196
357
71722
357
26233
553
559
202
2173
11020
344
12465
105170
1225
8323
1467
645
4832
2098
1012
512
25797
5741
1634
14503
429
6155
3177
14238
1672
803
883
566
1549
78038
613
1683
1171
5603
1231
29
667
589
2055
225859
5213
259
34594
5502
10672
2518
2895
3351
132225
1631
4910
127672
814
1223
4339
1283
2329
303
3724
47341
6375
7485
1915
106
1173
5746
249
24091
2491
1182
2263
668
5246
1054
956
617
1899
6377
247
4549
150
2151
1483
15401
1435
2628
161
826
133509
6538
582
108668
18124
299
410
451
757
763
133
109
418
5220
16862
257
68990
74853
104
237
6490
2913
600
1437
196
214
511
345
4385
1739
950
745
345
546
15245
2729
1645
4247
169
1187
620
15342
55
958
33175
1373
2451
4016
1869
211
7602
317
16053
3467
820
1242
563
4775
55867
561
621
791
1067
297
723
1037
1032
2246
919
59
514
2284
3206
2973
477
568
320
793
274
2120
66010
132
1022
1516
3045
266
655
3488
463
513
111
2495
100810
895
413
1812
2345
3256
2091
983
1451
199
19616
1395
479
1155
2383
3997
1269
1216
277
5034
18459
386
2085
2728
1259
5638
17213
2425
2411
2415
529
25756
3046
145789
487
1530
724
86341
7617
218
680
7782
1683
234
1193
8450
1232
779
79
42696
66231
4464
601
2105
859
878
3530
4696
1515
21390
273613
1408
9778
371
992
965
663
711
506
1315
3905
56694
5318
16450
11489
12525
3507
556
3687
2370
2136
144
330
4514
2776
4699
4268
6518
5636
267
9613
91
132
2437
1541
1429
40
344
2216
1940
1847
2565
744
1139
228
9392
904
10205
920
2661
338
3086
3226
404
1067
994
103201
322
8214
330
13532
3594
1023
5656
14057
2134
854
823
7051
445
5060
236
974
10522
12169
595
314
5921
9846
1106
36791
106
1126
1461
11335
3897
509
1246
1319
492
513
33962
237
476
1400
117
105424
88
56716
693
9598
576
1451
1047
5295
1644
19330
444
20783
2156
967
1001
2042
92149
1373668
2327
25365
449
4402
986
191
7950
34534
510
53205
303
690
2483
4249
1003
945
11879
3155
887
32160
2747
426
287
705
11480
1455
12319
2378
6374
26843
5046
6251
143
1334
2571
2650
2366
1828
3279
2098
2262
38410
1973
1644
7080
611
872
5303
569
5918
487
4540
482
567
10565
32388
1868
1679
3040
1770
16346
27282
1110
370
2873
1658
3011
1674
73
125
3223
3959
926
19491
516
3052
2228
461
17461
982
1801
1681
1901
764
210
954
81725
4493
15739
1504
4740
1951
739
919
55
900
3663
10704
3303
2465
585
967
1219
16106
3542
211
4855
312
60120
1125
19600
5287
37104
43965
312
521
44704
2233
485
1309
533
439
919
1598
775
1293
490
1166
939
266
89
83
687
10209
1033
2427
85
319
713
1103
2656
8376
2130
1431
4436
445
731
1168
98872
445
157
373
194
18150
25269
16326
188
1108
829
2511
2975
1907
896
2910
10799
63149
10714
1983
402
1442
126222
1021
5653
2218
1348
793
351
2180
24330
29535
27440
454
10613
2004
147
664
2137
198
794
34701
2721
196
4203
246
3224
664
1297
3716
736
1609
15613
3050
9166
1252
982
361
7969
6484
4048
16543
1713
2080
101314
438
4525
4694
3889
3645
451
2846
5446
252
437
541
926
3889
630
2539
238
1633
3592
1392
1635
251
1550
254
2281
8842
1107
39713
382
5441
2162
673
10181
374
203
142
483
28542
642
113
466
943
759
852
2650
347
413
3292
8047
189
44477
127
18900
57
137
1594
386
29155
363
9607
1113
16176
410
463
493
758
175
28376
522
20146
1369
706
286
35394
619
3220
337
43239
1702
22914
1271
2592
370
732
889
296
5236
1643
5418
757
814
146
1227
17833
5486
213
1566
427
2165
991
919
5428
466
2086
1167
340
433
945
9249
933
3036
205
6217
117
10107
1906
702
146
18371
6
16756
1956
726
374
25797
1389
5892
250
2080
669
13349
4039
7670
205
7874
272
175
1558
3804
318
476
26313
139
300
187
4363
66747
209
762
48993
888
2038
11072
514
49549
230
122
325
3348
774
8440
1557
360
444
239
1203
29363
3746
1417
1833
830
5148
1448
1838
2028
3415
1345
2852
46569
629
1751
5518
192
808
4605
8500
17946
14209
620
1356
83292
29
1361
608
95248
1502
904
484
8127
2644
18150
3950
5440
35201
7224
376
290
8236
6612
119775
476
803
7280
2374
8286
1713
40446
267
572
5466
36260
622
72550
6845
2394
183102
97188
6803
8566
16125
301
26
427
9757
167
54730
16118
21767
6307
32643
1055
621
29605
278
590
384
5008
22541
171
59075
30702
1370
192
7002
513
472
1288
9225
323
155
569
238
313
17881
8614
1601
3273
1724
5421
9570
104968
9153
125096
1774
1397
184
8888
159
503
8789
719
2915
38647
247
234
670
771
1439
9098
558
221
580
1430
1024
1202
691
262
7705
2119
430
111
5125
1324
3113
602
257
196
800
137
1525
16630
7243
480
17551
2530
2670
1762
338
365
263
6261
929
8004
523
285
150006
3336
2203
1724
1740
217483
7114
6350
458
3184
5643
42881
3565
399
5162
291
1023
454
454
591
119
5420
17690
3211
285
1239
1229
6222
472
1469
486
1045
427
42218
2294
2233
471
222455
1735
4316
19638
331
1242
142
216
3927
401
72
1493
1979
3801
17823
56
1225
6149
1020
2270
14044
1066
44400
1360
290
426
462
2143
81
4954
296
193
901
2639
5635
1352
24665
11957
7661
355
438
8814
23193
542
14573
6880
2018
1525
992
163
1716
390
1207
2201
930
1247
276
797
144236
45137
1252
302
22583
120
2622
1469
23123
1209
881
372
628
306
555
961
164
1256
747
1271
584
1330
3214
40927
6901
1568
1318
4802
73933
484
213
36514
12042
5926
14635
425
976
1152
478
138
301
302
2016
2149
594
165
1858
193172
275
420
233333
3713
834
1386
472
4674
234
196
790
2761
1169
1761
32986
181
418
11794
168
99321
1073
8937
5309
4516
16184
685
681
5645
204451
773
94482
4525
759
1342
147
974
25462
2185
321
142
578
2272
7070
7805
4515
508
1556
23886
1503
183
4380
1413
83659
249
654
2204
4282
302
2015
264
179
424
543
1698
15215
7814
146
433575
222
955
9059
1321
169
2136
22241
1310
3156
329
12729
26322
2534
3228
4295
8225
16008
5523
582
2810
288
16933
17236
1129
63477
21981
17346
304
126626
80055
3013
678
4091
5062
17168
32939
35191
2141
2022
6410
4509
643
31920
8704
18263
610
1844
2955
2121
600
15699
7396
4107
10842
2309
7174
1925
2785
2817
9085
402
4914
197
866
3446
1658
647
1050
1869
18492
224
220
1354
1684
2644
3549
29258
7318
6197
12569
2563
9841
40773
1011
17409
3113
252
320
1082
10845
7569
99385
2240
582
143
85827
11681
8169
6278
3349
2152
630
593
7240
2114
3742
951
9533
3109
3200
352
513
403
146
101
8804
485
993
169
498
24930
250
2256
12150
20782
67814
85530
1422
48499
1130
63
2575
42046
763
355
12614
14511
57710
100
1086
151
2347
7687
592
1365
36483
427
12125
34017
2201
1621
201
348
21020
161
35266
3199
4835
3207
24530
471
168
230
17370
1619
6076
17286
3622
1083
20086
712
20078
32139
2443
20938
772
1911
203
10026
2105
1113
6364
4707
952
333
398
22638
730
5126
903
2393
46100
4754
1671
6319
6734
6019
952
58647
623
675
1299
18912
8017
9136
8284
327
5282
27619
37743
6157
1695
2852
590
52406
62002
958
47527
4407
1762
331
512
853
599
996
695
2024
748
526
42336
26629
616627
11024
7285
5840
9254
52775
208
9220
8692
1870
1807
576
467
240
203268
87375
472
279
5402
127
6127
1398
4288
1265
9840
15238
199638
776
1654
1178
688
949
9256
17371
16265
906
5784
326
30685
615
165742
1262
31286
4585
2649
13802
269
1147
117
30229
2622
11520
2408
866
425
249
1235
393
11416
5332
1144
1472
85832
960
6242
2791
746
252
1064
228
767
1571
1181
101
375
3559
1292
692
281
16758
564
1810
1155
967
1415
967
2478
645
179
11069
1074
244
414
107
7936
74
5531
1214
456
259
149
1068
281
911
808
1591
1110
50268
4865
1547
2312
16406
555
545
1052
489
550
578
333
462
7637
237
894
1537
899
208
6999
357
19031
447
199
388
2677
344
289
2838
801
765
141
733
854
683
388
734
1381
1440
5381
524
638
834
241
1080
342
124
313
1800
517
232
308
317
223
2533
320
49129
6272
215
288
412
447
3266
237
5267
358
330
3045
125
314
3497
1488
501
966
1333
1707
2584
687
2086
1190
1609
17112
1040
651
475
304
305
796
644
2425
271
960
1912
156
2458
30333
9055
1364
1550
360
981
1510
5540
6735
411
857
1625
7151
140
1392
2560
31629
1364
487
164
1141
2742
496
2793
926
516
644
3134
1027
4394
533
6259
169
407
1461
4844
3904
534
179
227
2300
688
3214
906
1907
1501
611
916
10984
1906
2047
168
1157
2240
1385
836
160
1224
12574
2103
1695
1856
3294
960
446
1506
546
7
800
347
556
394
10558
657
256
1152
18574
2180
2571
678
1231
386
651
4289
4145
775
28805
610
2263
496
3022
2993
384
2039
249
164
1893
1717
504
1112
3148
14940
863
441
719
421
6659
2752
1036
351
253
7905
70893
2331
815
758
673
317
7946
17598
1051
758
1426
581
318
3615
1035
1392
11159
1192
3095
480
551
4458
409
15255
2259
105
2332
15067
889
36560
949
4962
1321
80
527
779
829
1250
1340
3403
1230
738
3323
639
766
405
128
1365
3138
327
1070
592
879
2815
3099
261
39200
1317
12108
543
257
683
989
10564
1785
377
1353
25909
746
1374
1701
1943
543
694
540
1048
969
121
321
567
11082
2022
946
289
594
2147
3680
12890
553
1084
1372
2231
4326
379
430
382
1710
666
1111
458
4921
3235
114
696
1403
5986
89
1819
969
3606
1982
18980
2248
202
354
1003
1610
2244
2413
220
9074
6926
8282
2216
23419
496
1019
4485
816
2049
244
346
830
1841
1859
1626
424
4412
66278
797
1453
5339
247
225
170
631
1225
9118
804
3097
6035
791
466
1432
451
437
314
491
4980
199
521
352
1308
1539
2198
155
164
24141
42340
1828
757
377
11929
948
1454
6870
660
36987
1187
2181
681
739
291
1403
587
247
2859
19642
1184
440
450
13049
84
1196
11562
377
1382
225
101412
14119
36459
1120
1023
560
7769
1898
425
14153
8694
487
271
294
2248
1104
771
821
1059
1313
433
6164
264
8386
3521
2788
17028
3154
12414
1533
1109
110
1224
75
1275
992
231
6515
63325
7891
2328
412
2629
15658
160
341
460
147
98187
4173
2745
3510
6494
280
441
1946
6930
430
51231
3268
765
2826
8029
6027
5517
1047
3794
1094
299
473
153
574
11167
557
2906
267
400
2403
849
347
1213
92
1158
2237
434
170
7882
235419
117
1232
32764
1382
1547
273
10507
1177
1271
152
3766
18814
78
420
4185
5270
1715
4029
772
489
87
16985
34623
15758
23476
9493
562
441
2956
17281
253
885
5744
605013
2520
532
1371
2528
8532
10511
1409
618
1130
720
4039
919
168
6998
26601
190
7117
1292
23134
1363
822
25530
2535
2506
359
175
559
429
545
39281
1253
2061
3097
2308
6859
8326
1699
280
250
5055
583
3806
2050
604
33959
319
1008
14742
603
4530
2764
206
436
3414
17120
460
2832
9492
1420
2687
64306
1586
861
538
3154
1741
2050
2282
476
142
900
3257
12614
8915
1485
380
874
745
842
10288
19878
12253
571
8302
639
9803
1805
11168
666
230
322
2484
5640
3624
504
561
3914
1388
3508
82009
215
1619
1597
374
2050
8673
1107
712
287
7521
834
8352
11196
4983
248
664
971
7474
14539
1678
1665
3382
213
658
386
1015
477
5294
418
509
2105
9852
699
3117
4360
348
2329
3390
1492
8845
47782
7800
224
1314
2361
944
13315
1679
1133
2507
760
894
4805
585
582
2336
21342
449
9067
1821
2525
1455
1280
3345
647
513
147
25218
656
92
803
13118
1509
1004
8961
6941
11300
653
29105
26775
627
537
10181
485
340
1280
3192
1507
694
8860
3596
89
1491
1028
5670
11684
206
4787
336
966
11228
509
692
4297
477
2701
2617
407
2070
4932
3227
22939
68376
11623
5852
10574
38430
510
2042
45377
751
652
60529
1505
30162
2128
1163
4048
13876
4876
1815
306
308
13729
1582
321
714
14136
1608
700
2610
211
533
1815
2508
335
2437
17486
488
1072
746
89
1339
2746
135
743
85
1906
117
827
423
98
1926
1290
518
531
4888
273
319
573
54874
57478
218
114
9435
501
643
794
182
679
82
6212
1088
264
179
201
455
11958
2504
235
213
28726
211
2466
149
12411
1774
1064
871
68
435
516
9915
293
2513
53
483
335
7387
28850
496
1
2325
1429
2034
104
101
1113
269
346
438
3574
926
1235
3404
98
174
1168
2221
396
5786
822
8793
64
10249
221
20905
512
1778
17461
711
406
696
1339
242
328
389
2948
5688
919
18
310
3236
5054
1550
164
