0.720324
0.092339
0.396767
0.538817
0.419195
0.204452
0.878117
0.670468
0.558690
0.800745
0.968262
0.692323
0.876389
0.894607
0.169830
0.878143
0.957890
0.691877
0.315516
0.686501
0.834626
0.750144
0.988861
0.748166
0.789279
0.447894
0.287775
0.699758
0.663795
0.514889
0.944595
0.586555
0.903402
0.807391
0.165354
0.927509
0.725998
0.883306
0.750942
0.895886
0.964840
0.663441
0.949489
0.578390
0.237027
0.903380
0.573679
0.885942
0.908535
0.623360
0.929437
0.690897
0.997323
0.932595
0.923025
0.711525
0.860028
0.538831
0.552822
0.842031
0.124173
0.585759
0.969596
0.800633
0.807105
0.863542
0.747122
0.225709
0.712989
0.559717
0.967276
0.568100
0.581359
0.970020
0.846829
0.493770
0.828981
0.486345
0.606329
0.568851
0.988616
0.380141
0.550948
0.745334
0.370084
0.629718
0.804755
0.193434
0.639461
0.524670
0.924808
0.263297
0.065961
0.772178
0.907816
0.931972
0.234362
0.616778
0.949016
0.950176
0.915606
0.641566
0.485991
0.604310
0.926181
0.918733
0.963263
0.505662
0.947970
0.827115
0.176196
0.344737
0.940107
0.878832
0.844734
0.905392
0.798604
0.285719
0.599110
0.892889
0.787929
0.612031
0.420194
0.679069
0.976759
0.376580
0.973784
0.828846
0.628076
0.750022
0.755082
0.698057
0.864479
0.322681
0.670789
0.621919
0.973802
0.677801
0.343346
0.797639
0.903842
0.854898
0.527715
0.802161
0.572489
0.519012
0.770884
0.568858
0.465710
0.982817
0.811859
0.874962
0.688413
0.569494
0.466880
0.225040
0.916306
0.909636
0.728586
0.851672
0.233666
0.515857
0.477141
0.152672
0.654137
0.144546
0.751528
0.519352
0.785296
0.872922
0.844710
0.866608
0.949806
0.826407
0.854115
0.651304
0.703517
0.610241
0.770239
0.731729
0.257069
0.796589
0.782749
0.990472
0.901308
0.974740
0.636604
0.993913
0.546071
0.526426
0.355705
0.160395
0.745637
0.862346
0.692678
0.690942
0.441904
0.989752
0.247733
0.750172
0.508516
0.211960
0.798604
0.843840
0.511141
0.959434
0.803961
0.465001
0.947549
0.267072
0.428619
0.633787
0.696800
0.766211
0.342454
0.428769
0.824010
0.626496
0.458584
0.754861
0.394850
0.746938
0.452405
0.478073
0.474004
0.803163
0.402393
0.904686
0.773874
0.951194
0.905402
0.915274
0.622496
0.989955
0.711122
0.909293
0.249851
0.146792
0.819089
0.982417
0.533653
0.910773
0.512293
0.938886
0.716879
0.891019
0.859489
0.628309
0.290097
0.576756
0.916406
0.426475
0.247396
0.371294
0.931861
0.936868
0.844330
0.920207
0.227310
0.314377
0.816352
0.701877
0.574219
0.664103
0.570716
0.996753
0.816835
0.975989
0.595608
0.065372
0.975350
0.972788
0.824238
0.668733
0.492072
0.468628
0.984383
0.754891
0.463858
0.312501
0.673849
0.770150
0.519082
0.809989
0.672470
0.686808
0.449247
0.914789
0.644361
0.859318
0.830400
0.673698
0.578500
0.671730
0.352430
0.855828
0.773799
0.733245
0.744473
0.221397
0.674564
0.799777
0.711315
0.553885
0.834854
0.923456
0.706052
0.478031
0.976044
0.729319
0.754306
0.600954
0.731606
0.945308
0.425561
0.782182
0.835272
0.300081
0.904631
0.494116
0.132161
0.261550
0.985709
0.177161
0.787116
0.527904
0.740078
0.551087
0.759196
0.722915
0.860237
0.758747
0.716929
0.987326
0.933903
0.857897
0.780530
0.374876
0.750624
0.613211
0.697308
0.774897
0.239316
0.883029
0.613871
0.457360
0.444117
0.828135
0.426348
0.674972
0.626856
0.784457
0.432982
0.909312
0.766775
0.504701
0.498056
0.842900
0.573272
0.942763
0.847939
0.540261
0.948836
0.624337
0.837978
0.989340
0.946152
0.861212
0.439831
0.255745
0.802690
0.927849
0.895970
0.856702
0.418578
0.683465
0.397991
0.964989
0.294216
0.715946
0.564498
0.794578
0.791821
0.695764
0.406483
0.408637
0.406922
0.975222
0.982491
0.857484
0.619587
0.252033
0.792856
0.357511
0.697369
0.808278
0.544121
0.487921
0.855356
0.888386
0.585348
0.446117
0.921868
0.608831
0.228206
0.938482
0.779744
0.699308
0.253396
0.692360
0.424649
0.631647
0.707317
0.613589
0.648313
0.514175
0.875333
0.844527
0.607015
0.859651
0.671598
0.633474
0.470588
0.986573
0.948299
0.599270
0.849970
0.751121
0.579361
0.924704
0.991347
0.623670
0.703519
0.668456
0.188194
0.747005
0.795301
0.433883
0.979483
0.552768
0.889131
0.245519
0.911019
0.950753
0.556407
0.995052
0.571176
0.630959
0.980924
0.874903
0.451836
0.777469
0.494843
0.477013
0.885998
0.527619
0.409091
0.268892
0.965933
0.109383
0.673041
0.499932
0.777098
0.399219
0.796962
0.767777
0.398659
0.321026
0.557912
0.993460
0.834487
0.699623
0.918259
0.937252
0.895260
0.547564
0.220129
0.671429
0.870192
0.571542
0.525802
0.874126
0.951136
0.812507
0.283802
0.974403
0.774477
0.325810
0.889827
0.751708
0.762632
0.469479
0.210765
0.670350
0.767789
0.512061
0.617461
0.432356
0.847700
0.873068
0.823003
0.951776
0.421658
0.863829
0.841422
0.486441
0.952474
0.943893
0.613934
0.973487
0.897851
0.434595
0.940828
0.064912
0.870425
0.701380
0.604927
0.732375
0.253439
0.600489
0.814619
0.842446
0.531288
0.248291
0.872686
0.896985
0.826228
0.881771
0.855042
0.282139
0.567690
0.595982
0.161848
0.844873
0.963567
0.345679
0.595625
0.948209
0.534679
0.192556
0.328256
0.917606
0.588367
0.855190
0.604672
0.822578
0.879484
0.721303
0.440347
0.589824
0.200182
0.788301
0.997485
0.507119
0.454692
0.264138
0.371655
0.584547
0.695846
0.971083
0.753071
0.806163
0.751640
0.672473
0.448737
0.704313
0.681645
0.697149
0.150981
0.781046
0.904103
0.391099
0.815477
0.760002
0.427665
0.099441
0.115035
0.373407
0.599636
0.688845
0.491110
0.235078
0.729398
0.724917
0.843494
0.864686
0.581036
0.200727
0.529547
0.894432
0.304994
0.870946
0.683074
0.899221
0.878588
0.190839
0.849769
0.635371
0.847788
0.821849
0.628240
0.956302
0.589923
0.429331
0.991945
0.992701
0.518804
0.370306
0.990916
0.929956
0.149236
0.461580
0.560949
0.780364
0.487194
0.419994
0.262000
0.974213
0.889442
0.145404
0.896323
0.873094
0.700289
0.827136
0.495826
0.924741
0.254438
0.884967
0.717595
0.836998
0.590521
0.638355
0.459957
0.763873
0.253889
0.741705
0.615016
0.503181
0.844260
0.982590
0.913740
0.780225
0.546455
0.816442
0.787263
0.537007
0.365983
0.604307
0.958803
0.392823
0.790637
0.688955
0.334419
0.217969
0.925775
0.689639
0.598821
0.746657
0.541971
0.700533
0.930560
0.862617
0.263139
0.978673
0.236384
0.660598
0.388873
0.536768
0.358080
0.613112
0.935736
0.979590
0.441007
0.739612
0.277200
0.534832
0.767963
0.800995
0.649583
0.931447
0.919238
0.765005
0.599740
0.896043
0.972720
0.998521
0.971820
0.841737
0.487557
0.353648
0.253839
0.911018
0.725643
0.025926
0.884682
0.796559
0.928109
0.976916
0.523555
0.951935
0.887996
0.372749
0.710355
0.605213
0.990406
0.773916
0.417102
0.800660
0.933202
0.860067
0.957395
0.959471
0.312681
0.953677
0.503005
0.643358
0.758062
0.225807
0.971320
0.907396
0.890552
0.922504
0.444348
0.197196
0.873323
0.244634
0.629608
0.516198
0.863226
0.984127
0.490195
0.639975
0.702523
0.287044
0.937080
0.938029
0.933156
0.935753
0.185289
0.947376
0.493825
0.963918
0.644942
0.484316
0.967695
0.143190
0.632330
0.661888
0.433840
0.492723
0.465134
0.806747
0.256661
0.686443
0.989883
0.821447
0.935153
0.888542
0.947764
0.849931
0.468050
0.629853
0.780202
0.869976
0.907109
0.860457
0.338451
0.868488
0.807779
0.897498
0.557825
0.691984
0.520314
0.828468
0.824859
0.969871
0.741940
0.955262
0.765184
0.666188
0.672144
0.189587
0.895729
0.949846
0.961573
0.730083
0.743749
0.314417
0.605896
0.594847
0.878661
0.766188
0.941013
0.476089
0.657040
0.843323
0.856159
0.364365
0.892274
0.981410
0.311614
0.650831
0.846055
0.927581
0.578174
0.398716
0.154079
0.895087
0.236470
0.508482
0.791864
0.692414
0.900742
0.946677
0.854238
0.705927
0.894940
0.594291
0.248111
0.845615
0.986677
0.713928
0.625435
0.294821
0.911763
0.942499
0.613550
0.939419
0.750454
0.751090
0.211721
0.830157
0.240095
0.631621
0.710740
0.742383
0.759825
0.902936
0.587420
0.172727
0.778301
0.241558
0.879066
0.973519
0.605422
0.976238
0.948573
0.798973
0.810629
0.859999
0.930644
0.257893
0.985445
0.725167
0.565554
0.799661
0.776984
0.739388
0.515394
0.986247
0.932764
0.390919
0.619213
0.177972
0.915916
0.902917
0.352533
0.997884
0.041574
0.989707
0.464888
0.734585
0.640808
0.920045
0.926841
0.551995
0.963916
0.280956
0.602147
0.819358
0.955390
0.647553
0.527622
0.198199
0.713164
0.653840
0.718939
0.938719
0.847627
0.659036
0.935284
0.863593
0.875404
0.949264
0.351625
0.918028
0.836752
0.867627
0.849872
0.808411
0.536003
0.900783
0.770832
0.420713
0.977880
0.954201
0.808715
0.900340
0.724085
0.461799
0.615477
0.655761
0.960397
0.723361
0.543787
0.242947
0.913844
0.231695
0.770132
0.555225
0.715827
0.657521
0.813294
0.807512
0.619682
0.451102
0.407950
0.874748
0.184935
0.565732
0.908808
0.845518
0.820202
0.499341
0.147503
0.922639
0.981080
0.539679
0.230990
0.766862
0.634281
0.666943
0.525712
0.658568
0.788050
0.980333
0.466266
0.895642
0.601433
0.725959
0.413670
0.684310
0.946055
0.200186
0.807365
0.969538
0.767424
0.998414
0.389612
0.905203
0.844812
0.462158
0.573886
0.440319
0.193559
0.558676
0.847721
0.602008
0.810721
0.941886
0.869911
0.682698
0.982478
0.906260
0.807110
0.800140
0.428801
0.849371
0.935420
0.980699
0.643463
0.668289
0.681360
0.867139
0.798620
0.826769
0.541799
0.477438
0.467460
0.839841
0.870102
0.816754
0.877801
0.571009
0.964036
0.606544
0.603948
0.655201
0.341147
0.964224
