0.805802
0.492840
0.399979
0.927229
0.575475
0.254611
0.797028
0.557049
0.577914
0.132442
0.444795
0.701272
0.368879
0.420322
0.761131
0.830389
0.580751
0.317594
0.439813
0.519561
0.413802
0.293720
0.474811
0.691274
0.203351
0.946731
0.491077
0.222409
0.413776
0.454209
0.272898
0.446284
0.462003
0.347232
0.424378
0.667685
0.718360
0.275056
0.521871
0.713877
0.331017
0.717462
0.614878
0.700970
0.411521
0.606778
0.852429
0.567602
0.679363
0.167925
0.558259
0.605206
0.546848
0.458181
0.751022
0.422257
0.153308
0.278728
0.527340
0.544754
0.132596
0.310845
0.146457
0.633432
0.595321
0.668162
0.759147
0.240684
0.538474
0.744258
0.426185
0.281807
0.524824
0.300467
0.195577
0.384339
0.660089
0.334795
0.552811
0.296505
0.714507
0.239729
0.428460
0.726923
0.482978
0.456894
0.666465
0.779085
0.385721
0.061148
0.275083
0.624820
0.747658
0.499317
0.374280
0.775802
0.562882
0.235016
0.354459
0.456974
0.240004
0.642929
0.538863
0.479106
0.276337
0.349090
0.740702
0.317940
0.241784
0.473809
0.124999
0.371102
0.278975
0.637540
0.656991
0.408469
0.321183
0.644707
0.888360
0.186538
0.416950
0.604480
0.234368
0.251686
0.835584
0.426805
0.900604
0.629617
0.294245
0.288076
0.367677
0.372689
0.375944
0.427207
0.404412
0.425538
0.519508
0.451065
0.814602
0.687508
0.270956
0.392781
0.073010
0.275556
0.396798
0.261152
0.591206
0.372443
0.438581
0.500158
0.586134
0.745881
0.539688
0.694054
0.537875
0.284525
0.340182
0.195813
0.254382
0.649783
0.640943
0.631800
0.556336
0.148582
0.295846
0.671594
0.509369
0.353812
0.707951
0.610051
0.353126
0.697647
0.123666
0.601409
0.533806
0.447105
0.417921
0.646966
0.719088
0.513580
0.611697
0.213582
0.501681
0.403099
0.686788
0.636798
0.696392
0.351511
0.586219
0.767230
0.450309
0.535167
0.227419
0.945654
0.625439
0.543827
0.390427
0.272198
0.489123
0.495335
0.435614
0.431923
0.311479
0.346739
0.257798
0.568243
0.596186
0.492720
0.379932
0.660920
0.777376
0.397434
0.705526
0.919825
0.315438
0.392586
0.536229
0.891075
0.782823
0.438215
0.251381
0.448173
0.383203
0.376303
0.618700
0.628552
0.442004
0.429792
0.283216
0.902358
0.409426
0.887187
0.449347
0.474032
0.704636
0.236676
0.406764
0.037479
0.188555
0.682984
0.608409
0.303480
0.408722
0.667384
0.286921
0.489238
0.431624
0.382739
0.638368
0.606963
0.294973
0.279703
0.413560
0.632312
0.677627
0.824427
0.286125
0.660544
0.421562
0.836709
0.607372
0.349635
0.402031
0.617025
0.545724
0.689021
0.642248
0.742415
0.583007
0.183434
0.441838
0.864178
0.326394
0.191655
0.645181
0.551694
0.113045
0.522960
0.724605
0.485250
0.335372
0.334403
0.199548
0.780365
0.505770
0.554026
0.367786
0.362346
0.213265
0.465730
0.564438
0.904107
0.393256
0.504069
0.859310
0.057971
0.274903
0.565789
0.154581
0.456859
0.537891
0.421068
0.669526
0.557885
0.778824
0.580892
0.492130
0.522403
0.331978
0.411025
0.717729
0.876325
0.723366
0.616146
0.392623
0.266034
0.266743
0.757668
0.230584
0.405173
0.303518
0.661600
0.494514
0.340602
0.042302
0.497440
0.676029
0.480632
0.449114
0.803825
0.695173
0.545381
0.643088
0.453875
0.383569
0.130052
0.556813
0.909633
0.483917
0.196372
0.734503
0.224368
0.528688
0.488669
0.757247
0.469614
0.553114
0.181468
0.838580
0.523375
0.503152
0.223112
0.721037
0.133675
0.586704
0.431983
0.792832
0.269543
0.383813
0.177684
0.403056
0.333135
0.358360
0.542108
0.234395
0.429918
0.678052
0.056855
0.402407
0.612964
0.757435
0.529559
0.355562
0.210585
0.855876
0.842818
0.548291
0.347405
0.667434
0.491064
0.310258
0.748165
0.498863
0.321064
0.452257
0.512194
0.428701
0.344392
0.543506
0.939485
0.567880
0.324515
0.386971
0.637062
0.762744
0.486433
0.242177
0.849669
0.525069
0.636866
0.137263
0.536023
0.232109
0.635249
0.714380
0.545423
0.280541
0.416406
0.523694
0.883018
0.327842
0.797290
0.443844
0.489148
0.830471
0.345391
0.361990
0.218025
0.359459
0.672102
0.896459
0.805470
0.402148
0.171909
0.673732
0.530775
0.578885
0.563799
0.346052
0.409496
0.550646
0.407699
0.540624
0.850759
0.303081
0.189752
0.554456
0.610135
0.829045
0.685973
0.703139
0.599131
0.274544
0.550056
0.626748
0.538385
0.473571
0.849571
0.596289
0.384540
0.555374
0.568178
0.537909
0.524794
0.418888
0.665527
0.667764
0.317803
0.348341
0.432604
0.177271
0.301138
0.482385
0.477335
0.519215
0.407751
0.559965
0.526244
0.663137
0.365849
0.962570
0.259082
0.636309
0.820087
0.614771
0.223168
0.676797
0.586684
0.577493
0.582749
0.453713
0.452574
0.607141
0.380105
0.452625
0.572651
0.413254
0.520454
0.619365
0.754559
0.566106
0.197132
0.563673
0.816726
0.286660
0.394483
0.793391
0.227859
0.329541
0.631021
0.449843
0.612449
0.958145
0.535991
0.479128
0.509365
0.271786
0.415195
0.205226
0.489952
0.348973
0.227851
0.707990
0.577130
0.394008
0.196756
0.987300
0.569403
0.415944
0.396281
0.510298
0.947082
0.535014
0.617921
0.724032
0.739022
0.425694
0.660153
0.414046
0.462287
0.614627
0.806361
0.480933
0.613238
0.636296
0.793858
0.331554
0.489101
0.202206
0.876201
0.547124
0.423252
0.370222
0.204013
0.856918
0.593683
0.508349
0.457898
0.553610
0.692196
0.454416
0.680846
0.736837
0.629623
0.664931
0.368362
0.172145
0.799926
0.388416
0.158983
0.444106
0.891581
0.940139
0.659420
0.568697
0.505899
0.871858
0.229143
0.760779
0.444105
0.541711
0.570700
0.241146
0.502488
0.386913
0.683554
0.778464
0.594625
0.373271
0.970350
0.782800
0.495714
0.830985
0.458633
0.801201
0.117420
0.898542
0.842529
0.756491
0.765059
0.890396
0.520619
0.720035
0.572667
0.504691
0.237436
0.694567
0.528720
0.796203
0.200627
0.755745
0.597685
0.110547
0.514089
0.378068
0.619117
0.308044
0.471944
0.238741
0.171977
0.681917
0.808042
0.629522
0.432035
0.561577
0.404667
0.513774
0.314806
0.356003
0.265977
0.334703
0.790299
0.596606
0.385518
0.736728
0.607142
0.331944
0.230310
0.312559
0.427457
0.394211
0.776749
0.110420
0.309693
0.466266
0.584678
0.594822
0.503132
0.476344
0.375296
0.445432
0.228588
0.282424
0.098433
0.868753
0.194064
0.621781
0.355255
0.866738
0.548761
0.609929
0.718300
0.828972
0.777611
0.903933
0.220486
0.715232
0.720410
0.445007
0.547296
0.385026
0.448281
0.376706
0.362702
0.278680
0.691376
0.406812
0.596469
0.513559
0.087037
0.197568
0.450812
0.443602
0.247860
0.292313
0.887976
0.630502
0.417865
0.586583
0.572285
0.442457
0.361213
0.225337
0.838295
0.480071
0.939177
0.582017
0.444760
0.661004
0.106338
0.425823
0.423420
0.808561
0.832121
0.265916
0.436720
0.331558
0.529127
0.566656
0.344342
0.603598
0.238256
0.205374
0.196183
0.570022
0.637514
0.540983
0.230931
0.451745
0.665953
0.518567
0.577244
0.194540
0.801917
0.773036
0.127124
0.392807
0.746832
0.622008
0.597960
0.294924
0.341975
0.584668
0.690436
0.295724
0.051198
0.297392
0.485098
0.359927
0.639814
0.548279
0.539602
0.143156
0.705393
0.519682
0.693022
0.463719
0.467018
0.485408
0.085571
0.200984
0.575175
0.616991
0.066858
0.659425
0.655187
0.144029
0.567597
0.720959
0.340576
0.601500
0.664100
0.588908
0.632255
0.280821
0.839594
0.401893
0.305428
0.499309
0.440199
0.636658
0.108304
0.338670
0.634138
0.777572
0.175498
0.617959
0.360128
0.803441
0.456684
0.208579
0.315977
0.800292
0.665141
0.720429
0.822809
0.357172
0.615350
0.281631
0.341461
0.667796
0.351279
0.632002
0.695228
0.472008
0.956856
0.949802
0.735008
0.333838
0.476785
0.575639
0.633210
0.489153
0.363584
0.692287
0.707588
0.477761
0.337498
0.323290
0.378451
0.825824
0.544469
0.760412
0.226647
0.585934
0.466821
0.744141
0.859200
0.349303
0.684025
0.555996
0.142599
0.553006
0.512979
0.195500
0.730374
0.394487
0.473034
0.490112
0.384569
0.646271
0.422351
0.292737
0.152364
0.440138
0.575288
0.440464
0.365979
0.617193
0.709242
0.115046
0.325085
0.637389
0.255504
0.570547
0.523456
0.252334
0.478409
0.603116
0.373938
0.633935
0.685276
0.687412
0.292628
0.299795
0.534216
0.546217
0.409095
0.519594
0.335332
0.275080
0.594942
0.884783
0.684338
0.558693
0.622945
0.111981
0.398705
0.529198
0.723823
0.300923
0.636196
0.271357
0.596221
0.447884
0.228904
0.474640
0.365151
0.338131
0.894365
0.654699
0.802614
0.426672
0.935247
0.534784
0.504862
0.787873
0.559071
0.375705
0.691289
0.839070
0.342281
0.551169
0.217172
0.590319
0.147822
0.823899
0.315152
0.536471
0.421097
0.479899
0.742218
0.594983
0.366067
0.748254
0.152810
0.453171
0.516762
0.447154
0.642176
0.336952
0.344201
0.486549
0.419944
0.593589
0.470827
0.590347
0.514659
0.660085
0.559676
0.352834
0.366505
0.591914
0.290637
0.490742
0.616384
0.350369
0.479529
0.362754
0.412568
0.583554
0.542309
0.588636
0.430466
0.440391
0.456501
0.222366
0.735066
0.530483
0.415826
0.830569
0.086956
0.300384
0.345546
0.126377
0.289574
0.600697
0.669773
0.845761
0.331909
0.564494
0.314690
0.600385
0.274522
0.551495
0.521461
0.425866
0.286912
0.301435
0.704201
0.292121
0.233125
0.732818
0.732961
0.031129
0.476218
0.453992
0.942059
0.751336
0.757821
0.292844
0.410346
0.485834
0.244935
0.643236
0.421468
0.528983
0.062560
0.441644
0.245143
0.695456
0.049078
0.697390
0.598148
0.557214
0.181825
0.508830
0.332987
0.121717
0.290387
0.629693
0.692642
0.231574
0.604665
0.372970
0.740030
0.110822
0.855634
0.695868
0.701092
0.482517
0.703073
0.834635
0.107780
0.603595
0.518260
0.217573
0.439541
0.843649
0.595548
