-0.559641902185398
-0.287713795725764
0.161426324374228
1.26057016818276
-0.756698383706949
1.1987023762451
1.56069166354917
0.36676830830108
0.290629861897745
-1.49616313034757
-0.742149509155137
-0.846918744228478
0.432430543599111
-0.259691278000613
0.664078797785862
-0.00506170313813408
0.512973525909043
2.64468441055251
-0.269169400231581
0.687961955481178
1.46372561196409
-0.721632389459941
0.344522520939368
-1.06746453867953
-0.554823398870271
-0.255021904542243
-2.36485779547712
-0.263683645730797
1.04402543392421
-0.363956648164875
-0.0394406387747626
0.222011005753424
-0.0142099148777104
-0.811127414180409
0.861918559922944
0.385692173653024
0.742870914114617
-1.16155612206492
0.529619448723811
-0.197284695673598
0.837524544116994
0.333377992082905
0.705561815001906
0.117120467834636
0.0654602398429444
0.726577121497748
-2.05389578602593
-0.0501285296192037
0.553516369346453
0.447106431967842
-0.0492697532985628
1.00395460043748
-0.136888649982897
-0.619605686211415
-1.41696774731887
-1.21174364041006
-0.424027410940215
0.0410143749405611
0.369733291306133
-0.207396668801717
1.29209669149872
-0.482870899734255
-0.0902574127825643
-0.38355577081411
0.342577201575822
-0.580966101673791
-0.0472294547315663
0.653177295022655
-1.31229715502356
1.07186819631877
-0.367085536920391
0.909738443115359
-0.348507217191742
-0.380138357089152
-0.0520661089328609
1.16236744892405
1.01849546687386
-0.246045894440474
0.68756620900515
1.7568473420747
-0.144575915275192
0.499195791105485
-0.22301871409909
-0.401105489559625
0.625226593498629
-0.753253538976092
0.495459671193057
-1.08707764321113
-0.617551187906206
-0.983461485265468
-0.635091764961379
-1.52382356449416
0.321920353215112
1.07666087585141
0.692644045301854
0.753257218056149
-0.098659908230821
-0.199989788881167
0.8006210954775
0.234334953560802
0.351928146584842
-0.3327580303477
-0.54631670939171
2.70069639318685
0.300977857499672
-0.718132193675541
-1.04858584856811
-0.0481710939735753
1.37447181837202
0.220167818013729
2.04199673391065
0.552054871344644
-0.324279343417957
-0.151712579833142
-0.961783607536809
-2.37803085908588
0.507415107072919
-1.18928389961773
-0.118632243693133
0.316691504691906
2.64008093016055
-0.00969437969685242
-0.0344422976026785
-0.85878347765826
0.618470478547952
-0.101718868641166
0.0245776133779533
-0.736882767166717
-0.66874698453769
0.213196400018404
0.165966855224474
-1.36560506548157
-1.81549094524096
0.323134983777704
1.41108521242789
0.218637726235953
0.134650172821236
0.0573127982323364
2.30508113207357
0.0168133183529512
0.421637952584664
0.226540048322447
-0.637390585082702
-0.580537700856346
0.545117495545191
-0.104658838084909
-0.852345787268659
0.59459388578784
-1.17864719227255
1.019459891936
0.25678386713654
0.126303128483403
-0.39254614651902
-0.103414421618585
0.000970140025096468
-0.830768851826109
0.0652637976174602
-1.37958568485491
-0.525591185473469
-0.71980123540499
-0.506451977863006
1.17912581926424
-0.118741359834346
0.696068076349371
1.09906793790882
-0.19308569487659
-1.47726368102882
-0.375907965686635
0.529660710622248
-0.370666600473938
0.29369659651828
0.914544278449825
0.980939099348015
-0.242881169194595
-0.268098854708048
1.18118665652731
0.326780057026517
0.578370323131982
0.235186955406191
1.22756901233531
-0.482534731235353
-0.793013656397148
1.130244953945
0.00734697785572502
1.08067090299481
-0.800392082754278
0.628269141646347
0.531788721978469
1.55076955106689
0.105141521785735
0.497127772495399
-0.248554301602992
-1.2031583307971
1.40028170418115
-0.510665871967351
0.201484408195091
-1.14788463660433
0.914103017660442
-0.419730150755981
0.705298336946138
-0.554016038775915
-0.700468182956723
0.0369669504240997
-0.549974346381479
-0.82964857273903
0.0408863210853066
0.13885532011892
-1.04963885581251
-0.585713949502737
0.513833571751645
1.76847333729748
-1.20761332680379
0.643736372338799
1.59633566167227
0.828918554740713
-0.444463230545484
0.33945515726072
1.65958746041507
1.66427077464016
-0.364862792346475
-0.568231808914595
-0.890007325777638
-0.409104333951455
0.0222785000610962
1.37364141435488
0.0241151990005865
-0.582102959906262
-1.66186329479075
-0.182368946220156
0.971485141428692
-0.347178959650893
-1.03854622737273
-0.282158581056507
0.296072946536906
-0.245839240150296
0.439109020518001
0.438558110025043
0.121270305401516
-0.155861046448164
-0.104327557467658
-0.449240243443824
0.173810894882745
1.27499061449281
-0.986605212523898
-0.188725437830286
-0.725644833683802
-0.157823286243121
-1.03255960642407
-0.0879749132454195
1.54286902798912
0.639942467951637
1.44774904834357
-0.0645814052184404
0.231240929946724
-0.0330326285325301
-1.15664581594547
-0.610925069052477
-0.00326804204299802
-0.285965955009865
1.46360071342264
0.052809907167325
-0.421808734495641
-0.525015303052234
0.720589904219146
0.472478496329002
-0.891707111446709
-1.47131591205995
0.618127803944623
0.270208931968713
-0.873746371033572
-1.49211745467855
-1.15538236670338
-0.265248242555054
-0.874785353074806
-0.46954742652011
-0.789644126708176
-0.583401368036609
-0.829413192868109
-0.0499441303890254
0.666862694543799
-1.95525115480273
0.0601435701041385
1.09750031930434
-0.285503438271449
-1.64354230613727
-1.00470167275012
-0.410807681900981
-0.933458754942077
-1.03476989095726
-0.691939719670756
-0.675873686201564
-1.0386704671322
2.18614666611227
-0.396947531723112
0.0152678739538706
0.418224922717556
-1.21357007751813
-1.10157514728824
-1.61437172456451
1.41640669234461
0.398762843704662
-1.24064186636557
-0.0162897249099321
-0.0847532647184394
-0.280446025936266
2.59197162647973
-0.847698561651005
0.80986823059346
-1.43593947955594
-0.221975332619031
-0.993199866079731
-0.785754871075766
0.917576048580699
0.519219252148823
-0.554847514357025
-0.010996747706553
-1.32042423011618
-0.331104854350162
1.89708822223942
0.280283493645775
0.376168858604092
-0.433678027802828
-0.2099973446033
3.0453846385874
0.976267699797235
1.66197855099996
0.805782002353892
0.703135552998538
-0.552978171037246
0.640481380799031
2.35258252097808
-0.482865128556205
-0.224493259088525
0.805156098559013
-1.36493042664398
-0.307645020764674
-0.1268559716399
-0.925585470787106
0.182508066701344
1.91492757361984
2.500194661977
-0.847314984975291
0.0929072286019836
-0.259225937014236
0.404909267099309
-0.549014724408807
-0.0677334027787993
-0.865107695664886
-0.294632579786565
0.534288811673942
-0.0304797687251561
-1.4773190525413
0.710797525599654
-0.181316880708952
2.16980731008063
-0.51161050087186
0.944947354385765
-1.3267673690085
1.13028761553787
-0.0618173866810078
-1.15497656040475
-0.381367943302869
0.901521692400006
-0.528077889321986
0.19344720065588
0.898762029042828
-1.41300282765904
0.473310902266005
0.462938664800305
-0.0794204783747565
-0.13949454283042
0.137500641036302
1.40999116302905
-0.663123700243173
-0.690320290042245
-0.177037956439731
-0.38076702041318
1.02069422432723
-0.844509378817997
-0.0146996719528332
-0.15566138619524
0.142166768242475
0.355431170561249
2.1012974484969
-0.657881480566708
-0.63152930715379
0.751649728565217
0.878636901830535
-1.13047093478616
1.79736044561131
-0.965664785682472
-0.982017758151436
1.38359357601727
0.0154793473665191
-0.933377196730608
-0.344581113400646
0.364373213254624
-0.435515455041922
-0.33667164496695
-0.963379118122701
0.362063055452625
-0.815302577909782
1.67237009898677
1.19544933937353
1.55048208935859
0.529563901343042
-0.29187691723671
0.699383285800992
-2.46683124565483
1.51636218890867
2.78782879371126
-0.322653005698467
0.597321326334803
0.738402662695638
0.481445958051512
-0.0532264167270944
-0.0117604908681741
-0.445082056620852
0.453011812985352
0.844463513033193
-0.144445751232975
0.0324212211012857
0.372207631233071
-0.984079042865472
-0.353848020717043
-0.20982861310195
-1.30475435164569
1.44478667155629
0.905439463860159
1.09289100785344
1.47286838722691
-1.4022204952324
-0.272149404666044
0.0834626278470549
-1.17828147172242
0.768281857581381
0.574259047099274
-1.5950506221887
-0.0392435799229834
1.34717208793949
-1.7264289216369
-0.481841239647983
0.00187107379325298
0.245441351353455
-0.56319980790884
-0.170536344048562
-0.300843119557513
1.53826705247287
-1.07669751338056
-1.42240310691581
1.81321073830517
-0.127039585292597
-0.292076663140541
-0.871146073530097
-1.57274531470431
0.359496649712284
0.173377825817431
2.38572541730327
0.231710666103039
-1.46684097900256
-0.90344015807498
-0.05416831794943
-3.43575807905469
-0.129383262804883
-0.572628006216526
1.49806373225969
0.508137410461532
-0.899496108574746
-0.0524260182061607
0.440725876194055
-0.0862066607777556
1.68215776932711
0.499264110732827
-0.229549649299926
-1.10780705710017
-0.633623184501437
1.01517760667631
-0.141629385897792
-0.00469031405709318
0.445030764180444
0.634918807254316
-0.931068264114172
0.951692110479923
1.58366081590456
0.196588823020938
0.00495182705656478
-0.79829246439618
-3.46382305849298
1.0833307799051
-1.02579730021385
-2.06831469097226
1.50498193407567
-0.484608082611307
-0.894510178245309
-0.225063224108102
-0.0891286321439426
-0.145983179526379
0.0374360645340421
0.937999850603199
-1.5623824182594
0.119659301137653
0.435637502168804
0.360057476830011
0.373024499999183
-0.0611476610275661
1.90300371172345
-0.21797544393562
0.952100849797765
0.623904820865706
0.0718245822663142
1.06598699948125
-0.0724513331126493
-2.64232248111486
0.540827456479392
0.510183669080241
-0.806751247440975
0.330988236990947
0.0925723413975168
-0.376319357191198
0.311464384082195
0.868986585921691
0.489726628950137
-0.34397957575196
-1.05370366096488
-0.250468027926013
1.40746425255325
0.777681435943259
0.630051416081149
1.70978097428155
2.80260176751305
0.237807035786177
-1.9237461510041
-0.373546498899828
-0.525859475880563
-1.11058226171721
-1.70352172737603
-0.291988433608069
-0.372480215811604
-0.857977361329759
0.27339494512049
-0.227951973833769
1.68898795515476
0.348587189048027
-0.392629894666356
-0.772323090212986
-1.12051297497281
3.02985371783533
-0.270940607271256
0.137079011731937
0.554651194269002
1.04945505227433
0.159891209697695
-2.4725188231666
1.24819855254775
0.666603102007647
-0.263411962408994
-1.24586319672675
-1.62346579746093
0.838333214605547
0.869465321442574
0.351949916221316
-1.03190114901213
-0.360381480568556
0.550875906055717
1.25455144537828
0.456089259118955
-0.62922248707529
0.3262796541287
-0.517408842905861
1.71499990103234
-0.918616431057628
-0.181277651104614
-0.598357053009339
-1.24364376526139
0.863246027736707
0.0557197156515592
0.383908503348394
-0.204099285144619
0.922694237671118
0.567605719500771
-0.344769274803465
1.60726860015407
0.332460631091979
-1.81972300766836
0.214878732221987
-0.188112986347148
-1.3669003807034
0.0617723871626903
1.78232157221759
0.489099959846066
0.118098222603563
-0.625095739328596
0.689862467703952
0.345169996679694
0.873053286290986
0.336971692631036
-0.0443853254486438
-0.0108593204315523
-0.269548974019786
-0.109290238656505
0.812832533822094
1.4124309540776
-0.964972680494385
0.603713767080045
2.0299848138809
2.01029486459495
-0.338959819779507
-0.23690834365601
1.63055361273726
-1.16899399839876
1.4642204195003
-0.349773764770685
0.0728396089044409
0.0855193434905115
0.50512530643284
-0.209767213566182
-0.942094190104709
-0.364241420698852
0.28484091521091
-1.53950653849144
0.961257507957756
-0.719979178919126
0.0869973980638524
-1.0146260337424
-0.402326275408556
0.27176547675322
-0.586826236371282
0.304255497970693
-0.0315299968930858
1.49581395178328
0.987080467105376
-0.290635562539797
-0.429301301933598
0.866401475795391
-0.106278134022925
-0.425028061505753
-1.22199819102643
-1.46728835580062
0.438671015648477
0.38465976410421
1.23683791384784
-0.461586183508425
1.44686104311422
-0.755670441461884
0.736628214969861
-0.681385545124464
-1.8977266722231
1.00775827981618
0.427539460445138
1.53391378901199
0.404130073234465
0.92489608020587
-0.311933743851161
-0.240557971983315
0.14983208218764
-1.23875939494654
-0.78408390592801
0.195787716665848
0.608657875895655
1.03221922916237
-0.288486419631775
0.758395931730524
-1.53000239422614
0.277286270862924
-0.324484293590627
0.195473366533078
1.29841062640381
-0.76438140446688
-0.294882547579062
0.393008894257986
0.658825100208854
0.0489785492952445
0.864625036721587
0.0596700874519161
0.00386063085892245
-0.177585604679278
-0.31097153227588
-1.07819384333664
-0.470837341553939
-0.528554213504981
0.665271266105274
0.690304538675239
-0.981301122684006
0.0341685163930518
0.216689115435412
0.0128552380129322
-0.25505545628698
-0.163783878996139
-2.43718445735283
1.33831624133488
-1.34749139637474
0.0162245369057863
0.834630851384247
0.219331085855769
-0.168160084029937
0.131099814461526
0.725711663525703
-0.881048834551741
1.92045505810816
-0.0583478448359977
1.4205132747074
1.21423761821895
0.606827562036863
0.405926179364041
0.335675158045907
-1.39581843878003
-0.169500405352797
0.0678997076115642
1.54029460319721
0.498417039015249
0.5317658041504
-0.0657953945996966
-1.09436799899257
0.70609564933692
-0.13675394961931
-0.151752289512387
-1.96116986019175
-0.96900408361587
-0.171670953103924
0.655718844609958
-2.93775713845456
0.231258454567511
1.24343486794791
0.483573579181831
-0.568052688728908
0.958686879760869
-0.380557436908618
0.173653751125123
-0.148800137556038
-1.60124264100744
0.546493624649027
0.106304620180866
0.607827112274794
-1.61057673318169
0.505795157980832
-0.472065499658669
-0.510003077927134
0.871616182128778
-1.2971550649692
-1.71103209097275
-0.343518300184386
0.0933627672979251
0.244775602684978
-0.543219733289563
-0.744653662155115
-0.265444480192242
-0.0604328741918729
0.893887711990603
-1.08821279384426
0.40401550719035
-0.0072926229978056
1.22228674181194
0.113178421197589
-1.05254025390339
-0.128155172086488
-0.789331884753761
-0.14403623061025
-0.679798764186888
1.76384162460302
-0.113864526897737
0.687008040045638
-0.919343656586442
1.03016696676993
-0.741574525235521
-0.841665426378702
-0.892252098574297
0.144415800492249
0.539201822362369
1.07488641820297
0.4882591726189
-0.0496145535996686
0.835035089709619
-2.24447603825435
3.05015302672086
0.304300666407927
-0.158440853012061
-1.94304616009531
0.614056575505292
-0.733248557128003
4.1332080466247
1.25427541601338
0.499062493192112
0.549648434954013
-0.0605877693116468
1.00996574188235
-0.890161932514034
0.270250719415199
-0.486248311499797
-0.0967368005396031
-1.67215102692269
-0.842748681969455
-1.53384346819897
1.55790883218257
-0.358100662354762
0.0395082352750191
0.281529888585582
-0.642253593504206
0.0354849155970687
0.785231938939328
-0.344671537707502
0.992437007696121
-1.83343975004363
1.93101110692715
0.589985272916408
-0.537992959188158
0.407277311197292
-0.34544048806123
1.58587886869553
-0.368188243984361
-1.88033735800102
-0.331822872548299
-0.252680622661711
-0.323751525971008
1.74748012220423
-0.260541216952718
0.102236131546878
1.3843376831205
1.32023245832568
-0.625764625376819
0.511542165535948
-0.343021386335793
0.119895921599165
0.583811521526111
0.832867701999617
1.04386247992777
-1.81030605363358
-0.696038292364763
-0.299873143278504
-0.451174173036302
0.541003618595829
0.46530363239248
1.27290849027691
0.935285881961725
0.691462913604425
-0.221073630168274
0.170318385159227
-1.37107918152446
1.06013691009045
1.69696025922711
0.012168872025592
1.37676406065812
-1.02389481126545
-0.637788993019238
-0.0220851985396615
-0.0571190695190575
-0.14382690607856
-1.7587846993269
0.326816661820324
0.507418171789616
-0.336446533827923
1.58081580803495
0.584197794410918
-1.61040835995875
2.15082993389088
-0.703120805469394
-1.80506660428746
-0.573272378830517
0.52058873674298
-0.610431285362259
-0.649417333457093
-2.11278832604996
-0.562149121562368
0.444705563086604
-1.82963739496037
-1.4867475285309
-0.228267751693678
-0.021940374333345
0.295195222274481
0.528776298488614
-1.36791810004541
-0.174261945778328
1.98691729587413
0.811212290896863
-0.684113781294295
-0.0225700939757317
-2.45739833872857
-0.579285214268017
-0.100158581785484
0.578078105210891
2.56523652401765
-0.384026079252717
1.56191504086564
1.77508427722281
1.20407234667705
-0.0160262966187344
0.712064889073999
0.773247040323139
0.408942347222949
0.180411099669276
-0.387840725017113
-3.64807535663597
-1.45917131663678
-1.30025232575148
-2.3766628457678
-0.375271253220989
-1.0996784617534
0.208366903551214
-1.78771756291331
-2.55162432691058
-0.905519868991355
0.879530281179041
0.654812766491628
-0.53930901236577
-0.804093958837357
-0.677819404982085
-1.49441886624048
-1.51431800752599
-0.962026266200521
-1.39792023390621
-1.70795883984957
0.0494480796540821
0.726164586828764
0.452340208840641
-1.45228304743155
-2.20088701401037
-0.127823722109278
-0.921898500870461
0.516347937179739
0.476376879964264
1.12358455162872
-0.401333868736679
1.92875818731791
2.29487385693838
-1.75972244822378
1.17026290005396
0.842977989321501
0.531088472497926
-0.49534894042771
0.00428695180855572
-0.158729199085351
0.246058747651868
1.39065404616838
-0.633602130407914
-0.541802697347061
0.561087667096916
0.608780711205806
1.42769967054686
-0.0821457590763449
1.00157339780949
-0.434838795025105
-0.735232577476338
1.34950379105495
-1.58854398724468
-0.197555016060075
-0.0962945542311669
-0.186885047715683
0.390381254247194
0.624679240342362
1.28368144611347
0.83381259579779
-1.24842456921776
-0.841829376776343
0.321743985354148
1.06665389421297
0.205445316648737
-0.56835091138809
1.11564926594624
-0.80580206459927
-0.0244966878052875
-2.53737853989196
-0.315414425107469
-0.127816436008313
-1.06659277185466
0.279463402550807
-0.45966068989434
-0.635068181058809
-0.319723978712567
1.16645127693785
2.56329337458236
0.553817903634187
2.70863074376081
0.087722085094166
-0.146496130678172
1.81893878283218
-0.961312875582732
-1.45301798617877
-2.03209979674472
0.251630335196218
0.457160375635389
0.766395574766609
-1.0088489450936
-0.912906483679042
2.46598888850228
-0.226111184453899
-0.804999879834493
-0.0490303141276132
0.0975699302380265
-0.394090444925546
5.26650453927106
0.0611830550226959
-1.02758418493626
-0.135899077039312
0.271105700311586
-0.752504583150731
-1.02552058850957
0.686020931675824
0.306805438213885
-0.513639196037332
-0.793015981098845
-0.559562775920979
