-7798.90718108963
0.624441673670855
-1.2877951632908
1.48437971910778
-0.92358731425647
-0.230910497296275
-0.62839532085744
0.362087228606606
-0.350296051616642
-1.40543040617169
-0.193666728423379
-0.004725564999504
-0.721762783357045
0.0929722049142285
-0.0320817316649554
-0.470448746948958
-0.916697598109318
-1.56007845110139
-1.61247209388646
-0.280418325335608
-1.60882705764081
-0.234513063028774
-1.58387151453082
-1.39081614168685
-1.12570248354298
-0.581077296362077
-0.448078231626391
-0.840677417098569
-0.443166789482617
-0.218691860573802
-1.29258502807925
1.64077144590482
1.20389210963358
0.98744470341339
6923.24249010569
-0.998488279065963
0.544832724661094
-0.487275186186391
-14663.0043306659
-0.530728707654283
-0.222661509019268
0.128269979010934
1.0613346188219
0.409999243348437
-1.33879793508541
-1.4681733294624
-1.65996910386208
0.209041649909571
0.627143001216073
0.110296754463062
0.894533838247562
-0.363581824867624
0.900987012676485
-0.447107134227576
-2.45169432541489
-1.33953529481643
-0.0898721015980383
1.28857698147011
-0.305758869888367
1.26171505198662
-0.916445312915574
-0.588670120193725
1.50068757661221
-1.54889846847187
-1.26017268954754
0.952465098591019
0.633435890982831
0.305215075802188
-0.597391174853938
-2030.89920767589
0.284298415100469
-0.295857543742455
-0.268498875197418
-0.100558673806073
-0.570793902735398
1.38772432571642
-0.622831327055946
0.69123222724297
0.34131621788636
1.46764788091094
-0.366751205948309
0.395155815476204
0.832705206265679
-0.250834193989687
0.715279904619054
-1.71639111360475
0.0481479590051971
-0.759363251021323
1.39027511927468
-1.25546965078232
0.562744762858116
1.0901581503798
-0.553568238813034
0.600987414589306
0.927548093831263
0.902880728593014
-0.645672811183093
0.653175194824881
1.69770283834404
0.415298593093812
1.70827065624822
0.590726909451555
0.479148188350947
-2.94671654466687
0.575096220478263
1.176169089352
-0.092613880775892
-0.323077873680329
0.961117741663397
-1.60641863874188
2.21855213150927
1.32185679968354
0.5523338926571
-0.83711759841701
1.8778255533649
-0.342353145458024
1.36795395319196
1.45740053733161
-1.06310416502056
0.342536590227846
-0.494026272618701
-0.101054171838588
-0.0798967129656769
-0.195021661747648
-1.57819724446167
0.820443413828507
-1.2550428946198
10924.0343489647
-1.55348218299257
1.86410126389098
1.28448665087213
0.335931965995706
-1.32195461267398
0.529399184049504
-0.983069194147765
0.0771447239857784
-1.60910038681253
-0.870068043605476
0.982925746121301
0.253320815600431
-0.12311147566607
1.13009672517014
-0.479022673819813
-1.06811738898572
6365.84323281198
-0.203785066452724
-0.0276162995257653
0.417403317279975
-2.32987954506654
-1.41964510835699
0.710151024739767
-0.562791450602285
-1.14099145174884
-0.088102516150087
-4902.10024468425
-0.475835817645799
-0.906075576249343
0.622142196489605
0.60946614609356
-0.0266893089548224
-0.0566363078893176
0.301932502550965
1.05775808898448
0.806242019815544
-0.10557984584728
-0.845344699955552
1.02561385113646
-0.339251103969851
0.188526472721212
-0.728954270631392
1.07514823866383
-0.523393498796153
1.25900228114921
0.816741898018455
0.0310224761223877
-0.215404093521479
0.594957346950486
-0.503692376655978
-1.69739070150845
-1.21644040969075
-0.48120861731558
-0.969689836427847
0.952359625899294
-0.254001230063819
-0.69077737443293
0.298064973103183
0.206189632229664
-2.15826968002626
1.03472122005478
-1.54108676485264
-0.236213702339637
2.1650258146802
-0.839436026895749
2.06435185493933
-0.542639869851834
0.598638358207234
0.136236932438077
1.72978687809991
-0.178801798732868
1.80025246726438
0.674282300534373
-1.63474593703146
-0.27855014148461
-1.17604677961141
-0.598385452280834
0.616163605742101
0.527380536024336
-0.834602772912798
0.419375405889908
-1.92333434248037
2.16931961261593
0.092584647178277
-0.199299296362421
0.683943510599264
-0.562341133562515
-1.6253877452764
-0.850682479966498
-1.06069697918658
10308.5757685756
-1.20807617542949
-0.707972322401794
-0.410890936798779
2.63249423223638
-0.0937719671437026
0.227663989833291
0.322666192858067
-0.959359868507859
0.814750952322575
0.553545933892268
-1.73170351124497
0.416106305221733
-0.645894253549207
0.807991417620201
-0.0209178075764163
-0.430401541993887
-0.059281277103589
0.49906359684503
0.730621937296222
0.186210991550569
-2.25213853382174
0.215648758553466
-1.61885892253237
-0.0219314617230662
1.55494558598051
0.195795760898988
1.09705549805359
0.767415054280641
-1.5321038771393
-1.18411791008532
-0.88703154397097
1.6718328632426
-1.3498428850714
-0.946021997968696
0.211075890359111
-0.264137489018555
-2.09639331639973
1.05870245398854
-1.87511980312792
1.36058901673757
0.11969390453631
-0.894729285833294
0.838690120610015
-1.21012237611841
1.33960127485931
-0.999696548928328
-0.436287968506061
1.00796759211016
0.0501847924523203
0.297951326284721
-0.203661692397257
-0.866462945641943
1.18175154981561
0.639388033120411
1.81040809840202
1.17414183203037
2.18614406267608
-0.284679528277564
0.376808327967099
-1.82271258950182
-1.20907906063668
-0.0276993236769886
0.290987488429766
0.322692198478851
0.884447920895625
0.478713857348205
-0.611960104439443
0.208731168103054
0.541323257418409
85.9409544877919
-0.726167540045224
1.17387684283249
0.566014136366033
0.225485755690275
-0.0140264869103205
0.554793475278744
-0.0105156388072043
-0.116361550197561
0.73074597939299
0.239635794580786
-8745.18999266962
1.03992360511188
-0.363917085116819
0.115703376396159
0.738769360651941
0.511839346362368
0.734835250560896
-0.618702827245397
0.519863931811231
1.00739669737882
-1.0535824839223
0.599881840542276
0.502907734516178
0.766843934461376
-0.633213014967826
3611.20525921741
-1.40241063212584
-1.20105460642858
0.350896967496294
-0.2212561637649
-0.458792927772878
-1.34406380514536
0.797292310477986
-0.990011932413308
0.92121670193883
-0.251742907048644
-0.59913376699762
1.2011786904597
-0.359805402911174
0.432174401300115
0.108890072438706
0.206305266032027
5338.32013620584
0.210156690964187
0.991249344899349
-1.71044801118478
-0.156196676986263
0.270355642419913
0.330876485104141
1.93213779156358
-0.688524921713634
0.825493911798051
1.52103206818655
0.317230577125748
0.324875594716314
-0.277975908496248
-0.325146743629547
-0.616892357496187
0.606604575910644
0.748587727466703
0.719430195685978
-0.391727395702355
0.730770391239393
0.957944895305812
-1.17587537214924
-2.64699702329721
0.143889829785226
1.49742469621104
-1.78105342453384
0.590409467146639
-0.845803857842535
-0.329224716154013
-0.602791135628823
-0.734607806377859
0.357677827832348
-1.70219635233052
-0.0458314452238082
-0.808754890275691
-0.680347831392415
0.8250223767992
0.613256446847699
0.236712392596829
-0.476110792632589
-1.13706901872191
-1.47982702157166
-0.790574099637401
0.16479929880001
-0.758657654632034
-0.68156189687444
-2.24543511832136
1.03169011615184
-0.696300418212907
-0.414645326877995
-1.00752315324215
0.943968260790459
0.203508820497602
0.785627604502067
-1.19558030033457
0.106355860148092
-1.36111934693633
-1.17420033954884
-0.282821624132353
0.347200916210316
0.0695447814074023
0.168191557950879
-1.66687927451536
-0.674865937875116
-1.4607938669776
-1738.434173439
-1.20284901093577
1.62652079686742
1.38222639652731
-0.954943856152377
-0.935313374633385
1.17811571177149
1.07547540617548
-1.06262279318038
1.55583789262788
0.0748451276124031
1.09984767220601
-1.40436258052679
-1254.9866178514
-1.13739989812347
1.5302541544721
0.569807425254349
-1.06208395043809
-0.168558157675762
0.258522399016685
1.69692533566312
-13589.352141689
0.046519403694503
0.107675624114594
-0.0656655684289794
0.00545663481730989
-0.961605607215502
0.51279842146256
0.644124123759206
0.270166453737798
0.605671906516651
-1.69874344169081
-0.404433643078437
0.6183218896412
1.118216454197
-0.630858784709188
-0.280032023776324
0.106407929957994
-1.41823305607553
-2.32101703034786
-1.51209232269902
0.74188620673818
-2.07342022733443
0.764578184603917
0.40617493070536
2.22979452901382
0.954064556326014
0.277989024506378
-0.344730137687429
0.711573965992631
0.744423728488543
-0.663451360255654
0.638013024205837
-1.03994336463235
-0.35787991433363
-7599.86563440039
-0.0843552645447029
0.789401830732387
-0.59760096672305
-0.892492351173958
0.467829711920054
1.16396750490781
-0.257324594345541
0.510913103456947
-0.915987034044143
0.815855958275678
1.27368426608477
-1.52076252095214
-1.92564356755388
-1.58000075454988
0.735690657633052
0.788847953457021
-0.258133051141552
0.542347825781519
2.06167415943736
-0.331039781612608
-0.0627786916919148
-0.0311989167468595
-0.140897646333488
1.39075409405173
-0.167837143098759
-1.28015460342218
0.264612043313128
0.202881777969837
1.01236093848812
-1.25374077113281
0.81922078457583
-0.27097647594227
-0.21753791647282
1.52984806617539
-0.27923479676676
-2.4300728861989
-0.313474066535868
-0.231874507234865
1.20200789578675
-1.18753855902021
1.36400522112531
-0.317863704789713
0.56857043028032
-0.968603183428838
1.02816797701792
2.06309242906812
1.3579811178458
-0.682768959546121
0.277907910868769
-0.123691528930432
-1.03443795894203
-0.269688730967318
-0.709210212002397
-0.0711892099014952
1.13245626344546
-0.960771678527535
0.785330032660957
0.505197020115173
0.563030652005337
-0.681832173096207
0.0628809684904889
0.849134234877347
1.22702839010139
-0.966969156154412
1.28145974590249
-0.805992123689506
-0.743694422243441
1.71176344590629
0.198049842497843
0.173323979465949
-0.78171664995722
-0.339071829840137
0.00701403127270064
1.19778676862693
-0.866678342368315
1.23998235965392
-1.66473693637845
1.00904032263822
-0.684699104437058
0.222735467817872
-0.183643555040678
1.42744856297911
0.560610699002205
-1.63239993611696
0.452565404139086
0.226424515496733
-0.72570836699641
1.02492742587361
1.08295652542379
4343.97227482938
-0.512893927624748
-0.711773513180014
-1.45760672674387
-0.365777393653793
-0.134562604577822
1.30006000396618
-0.969655368762842
-0.0574129455072875
0.824918471328676
0.492115336552799
0.327510141216588
-0.681566987909608
-1.33415689698923
-1.96918435250957
0.131245154070075
1.35473745214735
-0.871275078229035
-0.180825544481569
-0.302653233356015
-0.305131782468111
-2.68560239931921
0.54345427293385
1.52285276843714
-1.18590318317722
-1.24592590251521
0.506647357333803
-1.83849674388476
-0.87215882671769
1.01768769835042
-0.145410533594199
0.342791878432067
-0.682838618785053
0.393697312082985
-0.65989368972089
-0.0860385902321095
0.838675379205877
-0.491428948523874
1.24255752734829
-2.26047826314218
-0.315600584154919
0.122316550977466
2.19358676105577
0.586782352784572
0.684217699167761
-1.53906204812438
0.993282936873706
-1.40350302182772
-0.92634065313765
-0.695183944114863
-1.13498872727389
-1.27840490676347
-1.28741749351415
-1.85374045447914
1.36059518650379
0.750306945175106
1.17654737432526
1.15985360728644
-0.620825566953815
-0.348182699058102
0.0226340707706172
-2.58689602824925
0.24368948466768
0.82707032109027
1.91079077756379
-0.277782080507415
2.41074642682032
0.17993845419171
-2.29673252346068
0.394722520684849
0.998438398740177
1.52007166402362
0.14028277990602
0.00781751404934591
-0.210572124038731
-1.10209367720916
-0.0870774202650992
0.276483307920928
-1.08394770137862
0.888991017313535
0.0872347684911337
-1.39965713658319
-0.250382499518642
12501.5437159057
0.029436743147771
-0.364394598434353
-0.0319774274315002
-0.144599751100764
0.414854655169378
-1.13947391948934
0.259659448897995
0.313626193773786
-1.42088190378755
-0.167169746155345
1.31817809545599
0.0494705686535506
0.0420933759544378
-0.961978142832158
0.299811363857757
1.15885851440937
2.0852201921514
-1.60508544127984
0.0599368630122156
-2.40000254062929
12569.489292076
0.34830968812553
-1.21600411184847
-1.80531527974099
0.512846176950946
0.801824160146317
0.480721165290636
0.900386190368561
2425.86879992407
-0.864727239830997
-4179.80657679755
-1.1839450740654
-0.371477412749352
0.457350500084491
0.568105258993183
-0.872793146682588
-0.464134527164978
-1.84507669317197
-0.998953867499973
-1.95399199040498
1.41661343152819
0.119351217316955
-0.0982001896838389
0.127117280263508
1.15889988480835
-1.7719855830517
0.723855378376963
-0.460055479310703
-2.03862806449698
0.790733086040561
0.748563644730097
-0.72054520643192
1.09325100838442
1.00798550515264
0.122018758507585
-1.35051465613771
-0.556556366641839
0.0878616626432259
-207.481064366822
-2.11906119191017
0.655227636235218
0.563125322810062
-0.542481557868247
0.42551309377198
-0.314044666415584
-1.50848802622577
0.276491643171875
-0.526630668753457
1.07789259245098
-0.909446562253103
-1.80789383395232
0.914623015929668
2.75762831450223
0.588022326265815
-0.754191017980092
-0.137933886549539
-1.78957244459446
-0.510064274107065
1.44240786128608
-0.171941200769637
-0.830322654724733
-2.25155079092329
1.29412656120527
-0.209068834810425
-0.537942415912577
-0.727376173177559
-0.520068654944519
-0.496955977483449
1.28723403098892
0.671190435407443
-0.506675827801227
-8927.86695206107
-0.750984947598099
-0.14212912322533
0.454318132919997
-0.845226196656622
-0.313575241852676
-0.302667785606156
-1.06624865195081
-1.32538240354568
-0.420342315625512
-1.44440870629666
-0.168402225211142
1.36253199983656
-0.00388251037362877
-2.05805582590955
0.624382124805457
0.166217984616467
2.70007553074187
-0.539040352345101
0.804825090712383
-0.528063682678589
1.54674727378832
-1.03806221165618
-2.00467224707873
-0.278823495634461
-0.46705390018763
0.792349537294271
-0.196565489828642
-0.96765198675991
1.22176699699076
-0.310300193964541
0.470029213315182
0.330753023208468
2.49566782802473
-0.41032884303351
0.318676393256317
0.375031314743644
0.226277609733687
21711.2691284697
1.32663564639202
6370.25521932632
-0.306000091069388
-1.85770878832186
-0.0916227388813824
0.829524954832178
-0.430387816077224
-0.435308311476911
1.12886822740957
-1.90434257226243
-1.39529352587986
0.139510739696248
1.67843072799152
0.169994934601331
-1.67533217929194
1.57914884558458
-0.489987842492231
-2.65363713690228
-0.536938449139604
-0.317113090278857
0.465971825463438
0.147309636708843
-5249.56882294166
0.0234300251796669
1.12150987451436
-0.364839222835782
-0.359537064500413
-0.798833321255812
1.22123013711579
0.120326778463215
0.129200617660825
-0.319732620812445
0.638144724141706
0.441595794375138
-1.39552390777028
-0.300339042254378
-0.522910348265564
0.504094890826784
0.420737246176464
0.985900879517724
0.511596469184802
-1.34130995880245
0.187855267402966
1.55865410990317
-0.5573692551241
0.805825696776506
-0.363676017470862
-1.74439897656744
0.795943279726585
-0.490009407302047
-20837.314470146
-1.59514587958877
0.741510742687875
0.536162554638297
0.590907138811195
0.707688317907428
-0.375201068513063
1.90794404304831
-0.126360893346521
1.34191650474053
0.000917215860582307
-0.191913777477317
1.97800084236997
0.134910812863997
-0.343078770743297
-0.864701010434738
-1.62105391706051
-0.456176275117809
-0.109845746498099
1.05534519215293
-0.717608856289289
1.06316603678904
-0.687555430387918
0.430832051020606
-0.0779460660753655
-3852.87489758465
-0.791532151471836
0.842465463995358
-0.201288954199376
0.303181170976708
0.203534988152366
0.588307064619933
-0.438909314792203
-1.17171228892645
0.327749250645688
2.15121875077586
-0.0247230000237348
1.1261661719895
-0.687411741794619
-3.01216378355869
1.34155162303927
9817.74376569232
2.11341220227938
-0.713473248303727
0.64350003512817
0.0223107965723932
0.130395047941882
0.226795956909122
0.18293304252396
0.968450303690206
-0.184252542069064
-0.368982043599507
-0.568564475149115
0.288344189533417
-0.63068545138345
0.530764755184818
2.0264704724602
0.18376389266813
1.84116197098772
-1.21122381679601
-1.61880052176578
1.17703373161217
1.18041020362035
-0.736964424669408
1.15000604820099
-1.44976053616599
-0.204141660797423
-1.16671709262516
1.18748892092904
-0.0493960920177083
0.731423312277402
1.36252522560792
0.416602523591005
-1.49346017845903
0.841339019078835
-0.2075289135314
3.66677099452022
0.204399108871145
-1.42640231523293
-0.395472017610623
0.172974980465647
0.540705018052025
-0.429143835225301
-0.710408133920482
-0.0878158526679279
-0.8085558633488
-0.481925688434036
0.934556077744323
1.23840228464858
-0.792722219789041
-1.78747332345362
0.812826108710472
-1.20098884954988
0.967034828258286
0.69582169611066
-1.02856736628788
-1.05983539049076
-1.29546518474018
-0.63351306366705
0.926569410834409
0.553335081244076
-0.968415477525956
-0.447371858762072
-0.224388492419664
-0.261451479016199
0.912819609796766
-1.56494951459544
1.56809939085635
1.04918607768648
-0.847803510645739
0.741769952984625
-0.0532451551651203
0.119336689981675
-0.0739558344974904
-0.796705767477853
-0.852051802482786
-1.20918071206783
0.236748071993781
0.74703313289257
-1.90737182440807
-0.655866607676573
0.193079635023937
-0.742733396638809
-0.448671197969694
-0.192818027663117
1.16323725707316
-0.828574382792325
0.119600888891297
0.372485893408259
0.931781215232504
-1.39181001193225
0.830442824012686
0.380922212625677
-1.35675471109976
1227.86976778591
-1.62667268170309
-2.76870569448613
-0.0121393048963368
0.66594768190446
-0.726471475991655
0.870715058511392
1.38124150400815
-0.52263564619089
-0.368449153949396
0.63296590468043
0.357691404995817
-1.11748085128024
0.0619966929729458
-0.568756129089976
0.623681236848433
-0.652786636409099
-0.940432487857087
3.01290574660275
-0.418502624653355
-0.281120637308498
1.39958837113165
0.372472338550601
1.87448873471843
1.28960830567623
0.420395072237106
0.7458392287806
0.106105839406424
-0.745757508153261
1.12795361401459
-0.537158099708365
-0.324382173305145
-0.361485537135012
0.538718356256531
0.35254395875311
1.26866512086407
0.0990980906067307
-18677.457919943
1.02857072088428
-0.690843363623055
-0.509816590932059
2.39291294709557
2.05523518552608
1.97636957422816
0.242662433821944
0.808989607325155
-0.937909463480731
1.10011709075424
-1.30586840462333
-0.192754776717989
-0.20970876404853
0.646668889509206
1.1595229902333
0.586200913136161
-0.206927223902732
-0.282013861288121
-0.0544762701877048
-0.878529012983193
-0.719889092350385
-0.651562988544657
-1.38587674502157
1.52846788595682
-0.666185487752599
-0.692413152126154
-1.81283770383437
0.534005562353566
-1.77653584850744
-2.12506858104394
1.1352714389667
-0.841830642156688
0.210297757426298
0.281245612229858
6382.89928749932
0.993133497420042
0.637652416936039
1.01123574193472
-0.704839349899383
0.468865965505879
0.608830168917854
0.0829548911082895
1.20569188339316
-0.391104207400449
-0.198506106403194
-0.438246635649281
-1.44297312647705
0.384541057446883
0.691272318214606
1.54608127158981
-1.4351471826518
-0.286625174570423
0.778093954480001
0.0727830582551783
1.56773611033296
-0.0711215704648779
2.13776710365012
-0.042276445695583
-1.29162840354911
-0.473661877263126
-2.20547175082621
-0.261308291129971
-0.136585840668482
-0.18823391331742
-1.44312678721533
1.42400736343214
-0.00685865646397177
-2.0007423930765
-0.419295383264702
0.547701521246792
-0.340392066816755
0.266407053232127
0.095747604073235
0.532896992328326
0.301381566950749
0.49159025571845
0.517233422140697
-1.37569051210747
0.236956589704164
2.22051966293556
0.764742571181021
-0.104498667902566
-1.55245132607939
1.08280499918703
-0.359655224347011
-0.557394598437617
0.463983949471455
-1.3074659830928
1.78010975268365
-0.652771408273061
-1.84884244254137
-0.339549109525392
-0.677319296116693
0.280559545674728
-0.736007944540593
-1.0212866119976
-1.37994357833758
0.990679481323142
-1.45015013269305
0.920109876507743
0.00815191651142328
0.252134852154061
1.57448573004498
-0.655130085481672
-0.627530080313711
-1.7366857577184
1.32474112266228
-0.374327713966168
0.577847393472425
0.186173914645921
-0.599167715783718
0.341146085352647
16551.5924643595
0.307260213860846
-1.60513606852062
0.305257889770312
-15719.3533872909
0.496585989376806
0.143934288151356
-0.30528475419725
0.0194968456202201
-0.260201776727543
-1.03972589665133
0.276850667229702
-1.95004570159855
0.613431247992976
0.974979465931483
0.109897126744532
0.263897669015508
1.36322471861099
0.156748236874858
-0.723995091640382
0.633601857924575
-1.2463197118892
-1.45343930439156
0.866268268572968
12722.5789798251
-0.406036627590866
-0.379605945583733
0.00829627622540598
0.38373792110962
-0.350966691719564
1.38897448494876
0.786817481159738
-0.00357653872417014
0.294545126567508
-0.428109965553826
-0.708180841043285
0.854890410409997
-0.0855274819841721
0.791889271671605
-1.22783234781371
1.06587933403768
0.305109247688339
2.39915486524696
-1.18760009145738
1.5937114105603
0.507179856746571
-0.208543560259445
1.5189244233601
-0.931034748960843
0.520877462360455
-0.215145712020478
2.20179649408854
-0.963468721114836
-0.391447538592079
0.7360668852723
0.499512488334665
-0.48115479829018
-1.12805599106249
-1.20185070025465
1.13405289999543
-0.111607545450308
0.340115643674263
0.210293633324938
0.319871377380778
2934.24180856246
0.97514194949992
-0.138090528945173
-1.08081702266027
-0.32140954708239
0.0731957766278129
-0.886981395611342
1.46846227670714
-0.170700120179671
-0.871223028922259
-1.97327589604089
-1.49970430241455
1.48962276604345
-0.196506120911403
-0.662655104692415
-0.116463118071832
0.693657696225567
-1.91414907775166
-0.556624165079817
1.5272840541863
0.423064288330854
1.84881803356672
-0.0391563472469732
-0.470581649845199
1.15510474589615
0.353223002065503
0.766753458673856
0.872046985021111
1.46854387362699
-0.865560054876183
19791.8281984045
1.10243008648968
0.757013708274368
0.384867610680806
0.892925899563175
-0.307607095063416
2.01208177317955
1.43341914407091
1.19299162512663
-0.738836091509055
-0.301884568770361
-0.614106499869198
0.705909190535005
0.0243977166220655
0.743817244297932
0.156770461112927
-0.284933504933567
-1.16823913740479
0.33126684435449
0.143434415343934
0.21016168769331
0.155670079028222
-0.481365607273294
0.00337129764006964
-1.95648670291891
0.943907276480229
1.28289025857221
-0.646572998122467
0.733581035729101
0.131278873970765
-0.525286868039765
-0.226810768770074
-0.821648417785606
0.844194000210228
0.342084166563614
-4894.70610650542
-0.409409490898365
1.53073271669422
1.89293761219294
0.451266278132817
-0.685062345172324
0.284883771198794
-1.11652692258327
0.521797208493551
0.93804375014048
-0.05959434618245
-0.45962928217906
-3499.77066509014
-1.2340779266711
0.0180365565980067
-1.91317176325683
0.93314119335807
0.95914119477535
0.210742434844077
-1.04115630166875
2.3001768909466
0.0538214810293
3.08620274252872
0.173214538708514
0.0475953214296779
-0.15539263172511
1.24444645863646
0.798394452429698
-0.729767633475033
-0.243141337615652
-0.673868205198334
2.01993961535041
0.864710697813054
0.566921974165276
0.144131248302104
-2850.41430015062
0.158830621318104
0.523800504935017
0.263962003247637
0.879631239442441
0.184925959990315
0.743410980378526
0.754608487834512
3.81258033587609
-0.169873526262426
-1.20904887811894
-0.568390019105962
-1.55082604815751
-1.22833762626182
-0.276202061517824
2.88641568341314
-1.74172051406269
-0.386417322309707
-0.73946315863072
0.33838959155623
-1.4195472160022
-0.264641308250597
0.654056428027506
0.249696831606798
-1.18039169446091
-0.315760209531366
0.794657503708195
1.03316592155461
0.539071680617946
-1.63771937428622
0.244697126797303
-0.821620599631962
0.853925269071945
-1.20481124107069
-0.228657365274386
-0.0648289194658279
1.12481021111506
0.563174664450148
1.37045317462016
89.0860416724168
0.0285083017129233
-0.0883394696700483
-1.30602473955904
0.251379344529383
0.017988414568801
-0.336254225742653
-0.445389135060037
-0.320602100985202
-0.463908789361646
-1.05709907618002
0.280852513072417
-1.49920758722321
-1.34705607987759
1.06202433069828
0.973820867017867
0.286092747189144
1.3632629288094
1.85900886238239
-0.255508573440884
-1.3298034713483
-1.20718887573968
-1.08003441425783
1.20174982318821
-2441.39949836256
-1.32506561226192
-0.329705245459793
0.644437571292106
0.453194439982115
1.18338314720956
1.04936924523435
-0.280958528408687
0.705420185213199
-0.717304830155223
0.886769291907193
-1.22527612216693
0.604549121364279
9957.41897023924
-0.0332351571017433
-3.01176994525
1.21762605593289
-0.0524128239651282
0.0586812066676128
-0.410703887206223
-0.835212851162484
0.521054525312535
-0.806836740993142
0.662923452859406
-1.1341694616717
0.862082205953383
-0.983696850970292
-1.54107117877286
1.47152733803882
1.78539022670878
-0.375301178992408
-1.2135935633847
0.440241864384138
1.14177643630883
0.495331712888337
-0.341081304431825
-0.488561069626473
-0.592556121857056
0.0466716955247273
-0.0580394581709226
-0.0794570171204538
-0.158587795421383
0.521178666303167
0.25861779272536
0.261920662608966
-0.984659649056274
-1.93909639970243
-1570.96052142711
1.16459318704596
-1.1469331299117
1.27566895824025
-1.23759446887722
-0.0947643238271672
0.463053880772074
-1.11169317290497
-0.62002041104988
1458.98734376576
-0.0112734077649685
-1.1791895242508
-1.10621657520979
-0.0680910387842339
-0.0157749573360269
-1545.53927321965
-0.0419800376363678
0.88739263837839
0.921064747544448
-0.612941178575923
1.69007890698962
-1.75581444783421
-0.730733106210532
-0.416514438307858
-0.780982606850932
-1.79102032957979
-0.862706491414068
14230.4507503936
1.05178605515976
0.423540287531741
-0.841768233850288
-0.246184504237396
1.635590885236
1.50023209320147
-2.04310027478549
0.268812761687947
-0.637512548984567
0.722807023659037
-0.195150384667239
1.23780927043749
-0.308813064502744
-0.427230632482764
0.823789755511037
0.456177343920897
0.758085578603986
-0.492002706258713
0.0413884770331462
0.255748014410469
-0.439966773335108
0.120209220502756
-0.118589953636678
-2.46809606017802
1.12118467898073
1.56779239551808
-1.50373434545271
-3974.0415870548
1.10636301587614
1.05577982165308
0.435170090020614
-1.26263320877986
0.787083076283323
0.864045078175989
1.57558842316112
-1.34335639318454
12092.6528166919
-0.757378827051651
0.157074010618427
1.06637639568217
0.0972477532627164
1.0067926574554
-0.345046720134475
0.289124385257121
0.31057484298188
1.43064449362303
-0.0107338195485391
1.15534831801052
0.873655279483407
-1.06935990054229
1.5225863440541
1.41652509183697
0.786792642940335
0.0766572099363877
-0.808755369925647
-0.0862531952332046
1.12227338293318
0.314269807914075
0.525028412412675
0.167797577992041
-0.360897391828773
-0.423258880235017
-1.22547324276884
-0.870940754919598
-0.146827477068936
-1.84221747370134
-0.587722421999092
1.30549596232861
1.27105122801706
1.06519498093684
1.30546811322823
-0.138367850827474
2.11452131280045
1.36258039483775
0.526372261926957
1.18415312566266
-2.27429449350165
-1.65941392717853
-1.05271518447267
-1.15119108813113
-0.47007523448317
0.833879057642652
0.667462850314502
0.183158330804089
0.126474506211451
1.25256983395831
0.621668886731351
-1.18769286604417
1.76682602745745
-2.06166970204376
-0.616252697872704
-1.01448804888177
-2.0652852248807
-0.169589000793585
-0.695484955381432
0.108069343667738
1.00044599614444
0.340287739819451
1.15521962402319
-1.06547118564544
0.64655131219122
-0.0329833852600407
-3.51235543346072
0.0347460937641738
0.937473190277171
-1.66421148730616
0.474893421959086
1.22437140455464
0.241494039872799
-1.65322897045913
-0.0746185157767478
-5449.65602399287
-0.366022382870832
0.589980564566008
-0.195215590155667
1.73879328611764
-0.827838809576869
-0.481586665880561
0.960157304272394
-1.48993623673554
-0.416970417719685
2.70063662306933
-1.77514362447639
-0.676857221844529
1.32956476445216
0.7794474255576
-0.733638076361034
0.236332592661207
0.158372693066433
1.95389787987699
0.530649868357319
0.712894276248457
-0.550436632560258
-1.50766299710917
0.615833235709933
1.02463439952405
0.257158639362974
-1.07992336749155
-0.0592888279566113
0.400517012375948
-0.4368378866396
-0.0734932579411633
0.592316622600428
-0.359948400815891
-2.58177150854022
0.260336806198838
-0.153699828794143
0.32275497124803
-0.616673410216944
0.286092577539688
0.258153278022185
-2.7947478876257
-0.0708663383474449
-0.901970264410768
-0.853342591870549
0.612407673015891
0.218635866568032
-0.258175659298027
1.16768142024728
-2.18528683816953
-1.00195452049993
1.05711768495015
0.830852109742971
0.523868480323992
0.0987035943240238
-0.11829945251477
1.094251993957
-1.5781636024068
1.49467609603579
-0.389561883905206
-0.773890778190773
0.119936737280186
-1.84401675772715
-1.22512595842541
0.0241092980450319
1.69772073903203
-1.46869774983108
-0.911478160388611
1.07930818187322
0.301744819685823
0.0654215523756485
0.671280247177952
-0.568775965717361
1.16911678150311
3424.17324038145
-1.17015107463051
0.210789956374728
-0.350470617450974
-0.397518815247782
-1.13860012464411
-2.03652525171961
-0.238664299131213
-1.29041405503942
-1.48071872283751
-1.37416463744982
-0.263776161923756
0.391540622398739
-0.805846627145823
1.05262755621631
-0.807878911535023
-0.960050312329589
0.753065128037048
0.00718195488434387
-0.304494667996068
0.896386715081653
-1.03390634120992
-1.48569615831883
0.755781508027337
-1.5832523581154
-0.459197813112826
1.32715823880373
-1.05163864204345
0.138426932804318
1.21551377619565
-0.654146158272551
-0.0675501911899898
-0.0662360644417862
-0.700692927963461
-0.903552495326817
0.492404914188605
1.17270628121431
-1.22032243748338
0.895984927551594
-1.74279473520386
-2.47055030384224
2.1839912911377
-1.39723335298666
-0.00213499649183817
-0.783536509683378
0.418746895849558
0.389794300700167
-0.0433268080949726
-0.729526519785439
0.358921328398936
1.23544587854851
0.113181629966736
-1.10444518131798
-0.48585888696012
-0.187110657268152
-1.73137735086099
0.518049668614929
-0.16636249762472
0.73676464619747
0.232248795966584
1.29314390678162
-0.818429264245241
1.38848897790595
-1.56982015936441
0.595162660911865
-1.65805085732545
-0.137100051930274
0.721889354456119
1.40544562193991
-0.415314326352252
1.0428748850718
0.229602370730338
0.712844166092646
0.306926313210414
0.0893472664958216
-0.368706385810214
-1.00593093995471
0.0820380908434133
1.03988270374466
1.20086502049083
-1.19749723338726
-2.00485261679628
0.416646840924548
1.17347624977911
1.5908204883495
-0.347300974376771
-0.865820441753572
1.50254463898139
0.884276429023386
-0.375460616048055
0.775516883113103
0.726409354081993
0.783977203221179
0.671474956520654
0.249026211645244
-0.717208202759088
1.51851512986719
0.00611710555501934
0.219585857950831
-0.633248466608848
0.0439404232913192
0.405400604044691
8001.10875055974
-1.44454721837038
0.693291558705518
1.06255745328506
-0.843631085892565
-0.247075476345928
-0.782590596334836
1.26831404646412
0.283669738806701
-1.36030614350351
-0.945879184477559
-0.957253178883945
-0.447826590243461
-0.380155196380876
-0.985581574260921
1.23996868635003
-0.135088084155848
0.268790667740832
-0.186589922631168
-0.923332869799076
-0.702956761497232
-0.146942306011141
1.08115505410176
-0.458177825745264
0.212572867504473
0.788942102414202
1.32699404319231
-0.0681715639307089
-0.207471254099222
1.12754649001595
0.12538457012308
-0.868299507375985
2.20681872951564
1.13245920460655
-0.607796234877856
0.313156789590128
-0.154898886538252
-1.46471274521208
0.367189986651816
-0.880921725081854
1.61941870348572
-0.727309718074912
1.23738748109261
1.1186380429244
-0.758953108565061
-0.69877530062472
0.256339138569766
1.0590676263837
0.842080835974628
0.27634233806502
1.15579748458375
-1.03110391977497
-0.877090292419777
6445.48603139884
-1.55113597703797
2.66240525697063
0.660319197563339
-0.593128656798487
-1.70945321567921
1.99643445216969
-0.469063313387657
-0.757443722859013
-1.60667724535804
1.32356114934226
0.911976231087436
1.11747870473614
0.171211903908158
-0.0803823645600834
-2.20393312516692
0.18087365912724
0.136956370761546
-0.169434429975518
3415.08904888941
-1.43042725279669
-0.596310636720207
0.0188695701423683
0.716600833741054
0.598097226198052
-0.658747880707806
-0.788395371163968
-0.323890405721822
0.869475044907697
-1.69015420953129
-0.222983214325643
1.30102707741098
0.170407379270788
-15331.7415025493
0.927274364707834
-2.64384976770901
-0.969469279454857
-1.55531656051137
-0.254468065804272
-0.26631748260778
-0.00446761910629788
-0.212342507647782
7188.30680834555
-0.169275570018636
1.49188908255981
0.170997831811284
0.325765415312877
-0.336659120653609
-0.73331562861347
-1.33553949460259
-2.24918743220053
0.145208402175867
-2.00852305776173
0.635619855169574
-0.241435816655688
-0.64335789783104
2.08758333165723
-1.63099659491107
0.937064087434542
-1.05238833114783
0.206399263198487
-1.29508364255337
-1.47379396723977
1.63089173658816
0.969228872652903
0.648178890391394
30492.6520987292
-0.766042845858333
-0.0772461042636148
2.48316267137122
-1.26783051432459
1.75174561927189
1.1870933119677
1.33880946485048
-5757.95780257606
-0.861312945170379
0.263952919914223
0.037999765963958
0.26795766820835
-0.906830699114433
-0.192213376565867
3822.90808511154
-1.27705724668769
1.1308717074536
-1.35037030847946
0.437756728917861
-0.847668897050392
-1.66682920426637
-1.42186210542505
1.10200871771494
0.374533780689095
-1.34845144147378
-0.135389596885701
-0.158752161282072
0.227676704136298
-0.281146631656643
-0.289052595598088
0.177643957223192
0.646489388349042
-1.804701216924
-0.286177610040834
-0.549408485122971
-3.00143130631433
-0.2978817647743
1.05240690163401
1.06773801313928
0.92552126209408
0.858307699713815
-0.456610156827344
1.25554485828952
-0.749569482706939
-0.218503550534591
-0.91020752020246
-0.573863411534959
-0.0726899626058681
-0.773410270556637
-0.136014122761014
-0.494398910766609
-0.372645250551315
-1.46060378266695
-0.746065337921872
0.40813838734487
-9480.4189166216
1.49100271069654
0.693440178501489
2.56958806716989
0.61839862558704
-0.301218752428625
-0.416354674886519
0.149424849370742
0.627922247127298
1.00783137615909
-1.79584954632499
-0.402449468130811
1.47519159913765
-0.592167268308399
1.89924334627425
0.459415328077975
0.299588718885243
0.616234293607611
-0.76042009699221
-0.681005406419174
8635.48643146866
1.14946739711013
0.97758098379896
3805.68278170471
1.40434402019996
-1.99681561765642
1.14313492166638
-0.645946645596137
-0.220394900535199
0.190314226215787
-1.45969921185147
-0.901251746726843
-0.814341341884566
0.785824516592828
0.265621600740413
-0.120071442263048
1.77583084076203
1.46582983309129
0.158986264180592
-1.46500067717319
0.597786561099519
-0.557122540117102
-0.923246978823356
0.667612771145151
0.122040123020018
1.41264439098493
1.53843122915272
-0.709529186674292
0.22828932054008
-0.526254353110891
14926.4669301019
-2688.5849780184
0.381107451584405
-1.08613308992007
0.852312452036193
0.0671369439244729
0.0368000348845454
-0.256478394123992
0.907634888991533
-0.553086347429556
-1.2885715542139
-0.466145669178828
0.263026127686681
-0.28051869700781
0.862701289135037
-0.233679368920247
-1.16857886053867
-0.253780530102462
0.517320940158325
-0.584615203954348
-0.249867484595563
-0.699403066409499
-1.28237031255411
-1.38468603099041
-0.22480126012291
-0.811281353888922
-0.982768991006175
0.796008557527438
0.952111613509409
0.638716641657842
-0.488276234063682
754.453272122548
-0.828662535001092
-0.171065581663048
3992.62504420793
0.482226788927027
1.29563746444499
0.510815951754288
-1.75908675375971
-0.700907160688282
-0.445583209452593
-0.232222142128499
-0.506803480108849
1.30983996896034
-0.236152350956714
-1.06204645462408
12527.2315918052
-1.1336282652909
-1.52338459706839
-0.396684215846298
1.54429468617448
1.49629811873421
-0.348979771348709
-0.207851014196293
-1.2495658552846
1.22927523431868
-2.18789232194937
-0.0479862282233464
0.113029361625959
0.295601573702913
-0.498134587156108
0.677691344716945
-1.01290361883673
0.662146843395865
0.119265140218831
-1.41857314465859
-0.0262198394426172
-0.681838229377584
-1.12413449932741
0.295425972998983
0.579824349027566
-1.1476883297729
-0.280474035253362
-0.541936997210455
1.22951604720639
-0.376010552914877
1.2868865903477
-0.938744463260597
0.725341646372726
0.933902453550019
-0.627157432812374
-1.52052642283941
-0.539468604129868
-0.460230937745143
-1.44842040854852
-0.487373413147347
-0.1475454290592
0.128658739604282
1.09462984183357
-0.159438039075487
-0.0873629766856953
2.1813687069026
0.689403225794553
-0.902273047123871
-0.796139634710543
0.155672473255944
-0.983165415901815
0.248431612801177
1.35583394825326
1.29679322028765
0.0134286315754246
-0.0614828912874598
-0.178418210190186
1.10930938187503
-1.19130653495662
0.95790689507307
-0.390002536807795
1.21032249659619
1.50102057921766
-0.34619147008697
0.391948187458555
0.0463614381433206
0.0638634816169111
1.12067515954132
-1.43551436236037
0.917142886007373
0.405041424437095
0.221708885095461
0.524280690803533
-0.132869655102092
1.91301830588634
0.449590640275902
-0.308163429694214
1.23305745705665
-2.3658190027325
1.49049279357839
0.706906653558092
0.193102043193817
0.377072727110327
0.46278503430413
0.771897406643778
1.00304780102376
-0.995664042928941
0.324289860487109
0.44311610398703
0.00538238734657195
-0.585326963885417
1.6294968404164
-0.418840303238381
-1.2651980215309
-0.301208681504178
-1.05199642811248
-1.13324675462843
-1.70134268782504
-1.29005998583527
-0.398597028176164
-0.0947136785659415
-0.0492463549281357
0.27620613028882
0.108168398606621
0.232525152575391
-0.780983428894525
0.148868835021301
3.54114027762577
0.33149909364925
0.325310248742784
-0.539959689339194
1.18509980019251
-0.0288153354758646
0.541607811164906
-0.401039690220042
1.57282019100035
-0.255002892972946
0.940453772367285
-3.22949780553121
-0.0307319801279123
2.07087562325193
-0.0010203939877938
-1.34174457908535
1.08655139944051
2.0714036708535
0.192245597277143
-1.07304684391546
-0.882130284330268
2.64448799222478
1.70217942548502
1.17550207341849
-0.249148394040265
0.317013121812243
-1498.32338341066
-0.365677802043687
0.71389491370108
2.41983359613162
1.27114600133104
-1.41527166568026
4893.66484104563
-0.579790917254648
-0.00124495892159079
-0.273421776780632
0.784041801919721
0.221615406905238
-1.0042027269693
0.975830086784378
0.330022419737053
-0.122550125830633
1.51929526036941
0.0162554651767423
-0.732822458633054
0.867508596431377
-0.548874371827501
-1.05472883227517
-0.689751501201166
0.65374019880081
0.612045506886779
0.181134756993026
1.08749139866352
-0.91480448366691
1.61820619660542
0.792595522747814
-0.216613891063288
1.19766983315619
1.20386154883213
2.24926360996741
-0.564817487925085
-2.07643182762892
-2.39715373256901
-1.12697412071221
2.15507700106696
-1.54898533167195
0.999005844929553
-0.304178102393507
-1.77230491079952
1.58985009360622
-5714.82119224249
-0.530012388864919
1.40565355748715
1.75164229595469
-2.48614865032321
-0.00532533040091318
0.629338307700205
0.516293146223214
0.499780468659906
-1.02410936910107
-1.75061186847856
0.742446734694511
0.40374216426525
0.472937619684282
0.221104903464931
-1.14947172097093
1.07127151576127
-1.04648802722285
0.135083507587298
0.933444728611784
0.200376494210692
0.0187461709418264
-0.0960498695631545
-1.00226136532428
-0.361724757768244
0.388187394443625
0.311813135454055
-0.671507752684238
0.207589703929424
-0.773049355132352
1.20357036382751
0.0684291611157926
-0.500310714314539
0.68212941156145
0.0444672972361275
-1.48563986216472
0.96856634052454
0.322120505485088
1.20297395483348
-1.98792288634373
-0.638198741525393
-0.599027691256964
1.68004998161005
0.0572608024510087
0.74368561583684
0.33638535705964
-0.763987344715413
0.651407711686085
-0.249387099942342
19581.0010669221
-2.03517276221818
-1.09461543379722
-0.696366820399604
1.67982902976131
1.21802044719917
-1.61642285371569
-0.882386964734733
0.278117381905325
-6375.87330487521
0.0119649860038015
-1.62683954986708
1.00640429447929
-1.13070318401985
-0.145198595657541
0.548822374812083
-1.64832501958752
1.15163144753425
870.556517548168
-0.411176045221688
1.39571911930986
-0.215222847157561
5073.81965167575
-1.36064364940644
-0.38287376193347
-0.203721278298691
-1.63665748558013
-1.16461385837023
1.58790305858569
2.42991031869739
-0.341506995429055
1.47075230981397
-0.374069272769185
-1.18861982748089
-1.70365949266331
0.923388068317377
1.10162133045133
-0.660368308749012
-0.0172209221913071
-0.762544880031294
-0.560719759935025
-0.671714389884306
-2.34105600256368
0.416298182376117
2.38724834544082
-0.799493631851868
0.096123920549124
0.114029341694296
0.299941743574915
-0.224743768323107
-0.0888329396614825
1.21605342271473
-0.101761006224816
0.195471827927697
-0.154379561566429
1.74781460222771
-0.624239390358288
1.05104466572565
0.514599555258728
0.552584284991073
0.65387425271026
-0.941425503196343
-2.46870320092312
-11163.6164993678
-0.324544009572335
-0.6068788861996
-0.410269949084875
1.53842803015609
0.950918966456178
0.0660703025191778
1.53970129858793
-478.191087403232
-0.0380678032391783
1.42855457332026
0.800114503595591
0.446065089805012
-0.458871638444559
-0.0325533925238148
1.44308055765009
-0.787824666612277
0.364184209041859
0.551597952318053
-0.149071349855777
0.165181742408738
1.33778246578648
1.47293679052688
1.0236676089818
0.660986685831601
-0.286961761597124
0.481238079122188
-0.120628851954004
-1.13232535265783
-0.398003369741421
-0.058536904111261
-0.0168712044692167
-0.280173919144184
-0.259185791414473
-0.722472496130653
1.08359625634814
-0.599826931556193
-1.76114717211067
-1.94761831141199
-0.707529230566371
0.754823169741182
-0.226557614026068
-0.908578248127471
-0.205438562296462
0.0787745187540799
-0.137362764353498
-0.400637547031742
1.31676526377829
1.28908679629463
-2443.52217733724
0.248758007708097
0.995331874289131
-0.217714389145953
1.42921278138977
1.28352566424672
-0.174871211034539
0.0754556776718992
-0.363982247195756
-1.0601106359841
1.74401638235168
0.15423363091388
-0.662076708307968
-2.43661560431758
-0.211733000760817
-0.940997815692599
0.0982229385844333
1.87983556340839
-0.886787965667858
-0.0677694084923992
0.831697358073543
0.482978524836611
0.886965987723791
0.440671570129911
-0.143258675920148
0.212940243092106
-1.03865936304771
1.17204163813279
-0.353286675440236
0.448056525774531
-0.571327847791549
0.722080483503999
1.94443658236771
2.5261619577976
-1.19959767173686
0.732541734333488
-0.25448235204941
0.393204855711103
1.42636484940947
0.227047595653052
-0.0357318470577211
-2.66227692025661
0.752261071531072
0.265123344995278
0.163449003479295
0.352266101187678
2.48899874663389
1.0807853101205
-0.338298304193498
0.0320089370940979
0.623478021862369
-0.738359104584862
1.48995739841736
-0.404993752718882
-0.454240462846099
-0.192408747100551
-13984.0770987217
0.149314426112533
-1.5461418661079
-1.27668676623542
1.41924281751216
0.651565735442345
-0.587024899639153
0.834473903088453
-0.00498227234438851
0.318376761001187
-2.60060228070262
9480.44326804636
0.283942998629974
0.200771975393336
1.65473036183822
-0.0393108840099046
-1.09954301452935
-0.036329843147419
0.287761902065042
0.625263609207534
0.0330846050188093
1.23183889446696
0.599383896170201
1.2563691256856
-0.905133727521865
0.786342384239158
-0.960613380972819
-0.428835431666788
-1.15417235130499
-2.1190873961046
5065.32645771325
0.528248274381095
0.389137430330692
1.11937892938074
0.578298536267441
0.265776448124204
-0.976213926610656
0.72427542710531
0.0600158994767526
1.13122314018687
0.886841690616327
0.619302676875377
-1.57248859289908
-0.74152299120443
-0.0782339295285729
-0.162878391388018
0.659764138331946
-2.05941046470023
1.97600539163033
-0.335746697999837
0.465872642221502
-1.19243532245736
-1.13956093996767
1.37349457540022
-0.331203439499003
-0.690655503762959
-2.76863522702569
-2.04074820216349
0.59282805458608
-0.80224854098101
3323.05493623118
0.133324253336605
2.38851977000581
-0.0464228999561054
-0.238233556018718
0.601746243388516
-19667.5903281794
-0.201456701107069
-0.556650159929919
0.647722366214372
0.26560942097052
-2.80977693288113
-1.26673154414092
-0.680009597813799
0.432429125495353
0.72234456918769
-0.812763255606274
0.266139427722738
-2.39753543775378
-0.0232803049150424
0.818791435291218
-0.496879831520826
0.924293146834949
-0.446045179922245
-0.191482343752627
-0.176232580823911
-0.98236912431825
1.0285854750943
-0.684818862087096
1.2226908767328
-1.44623155699525
-1.27464995015128
0.26680641094213
1.53998160594704
-0.373921671628754
-0.927511490222274
-1.0484455048786
0.0878289584773553
0.0282424996465102
-0.83156999416519
0.410277325885889
0.481411047632001
1.11412481322239
0.056547720976407
0.642886213624508
-0.605692966941351
-0.404331073405598
-1.56321324352512
-1.96325248922053
0.582524649690636
0.0801458216291051
-0.503311402468055
2.26332886699916
-0.258546748715636
0.494824156642644
-0.298570194754517
0.0119255667388468
0.653166193642188
0.458962206694782
0.793499432643279
1.36157441500175
0.884692146050677
-0.586434309722184
-0.414374794108648
-0.324765243410465
-0.581196246007755
-0.484115486846229
-0.405017607730486
-12498.205253771
-1.60025517535359
0.265386860113174
-1.17511721391154
1.2161258380798
0.832344729871359
0.157280300349069
0.0610334969426535
-0.180816187662412
-1.76107824512631
-1.21807626153914
0.678703930464812
-1.1882552729167
-2.25608011700697
-0.0311213249933444
1.55686079855659
0.980353523146482
-0.612680684220966
-0.287432882709112
-0.491100116408179
1.52606084457092
-0.764613932126974
-0.784611222563012
-1.4804972068158
0.20579931946393
0.933767762422709
0.101983445884131
2.15843864176903
0.667298731892919
-1.78139072261234
1303.99013104429
0.320363537845212
-0.845516028555995
-0.312134660980077
-1.07258068969069
-1.24285346485718
1.6888004597619
-0.435549850906237
2.12474757893929
0.740596490524623
-0.0463714094449894
1.64145851847864
0.337456366707137
-0.910021558638724
0.135429040455839
1.89078003505454
1.08448841938429
0.818787423749681
0.322109177963075
1.37832330449294
-0.769272571300979
0.275850324283108
-0.892033047120622
-1.32829244742196
-0.307864979253143
-0.578066179161081
0.704362889321594
1.17625072675557
-0.796004412852089
0.245166208385189
-0.122739194118935
-0.77618738631265
0.29305711144808
-0.300354497031857
0.961414049293072
0.642750762608828
1.60511404288097
0.431516438517125
-2371.76168025991
0.472972070331651
1.49920458958372
0.878847067847586
0.801627116530759
0.727381566883407
0.390278111899463
1.65721449904792
-0.902211944178638
-0.546936747330094
1.05001367931135
-0.639423720588603
-0.677614583149334
-0.143363636854756
0.585954730208229
-1.56097277280565
0.189292263010139
-0.186312428979907
-0.729685074040496
-0.600986672903937
-0.960188030831286
0.741390128383824
-0.309679482159531
0.96612719292243
-1.46412337523711
1.85075841951151
1.49881784674752
-1.15617836055143
0.778715168858173
-0.0191778372395672
0.815702326850602
1.1297616433682
0.60751239554638
-0.996292932433991
-2580.93952188721
-4940.67415448422
0.519189697961758
0.240564831466785
-0.306776208780048
-1.54110255512378
1.43446560667654
0.594342045109157
-1.76550762806096
-0.00564993667529739
0.900905638410046
-0.340736485264664
0.333860199801229
1.69435049142761
-29705.9474909634
0.752262439327522
0.174645228898062
-0.681151361321648
0.710865523158937
-0.39243137671759
1.36719767238257
-0.167079250246979
-0.852860768822711
0.948369088000023
1.15064738185012
-0.0180896436089271
0.308572635462787
0.129030082961392
0.838188992207589
-1.16608220249406
-0.923045572360006
1.51230614197646
-0.643397784489026
0.806348264817357
-0.697723452185402
0.477740441926791
1.24849112786506
-1.38292253466065
0.756491074002371
0.725817500232534
-0.373661555154702
-0.98084882986124
-1.93771440809178
0.314103076472199
0.690714442045112
-0.773723581854177
2.21977624873515
-0.539021633211281
1.47780655842774
0.516937110190634
-0.563785074516318
-0.70746344037221
-0.860671132169255
0.17025122895527
1.01115806259199
-1.72632492140986
0.505819264529025
1.10177950308713
0.148167955187725
-1.140112143978
-0.0276552741368202
-2.15609971495397
0.0400654425251564
-2.05193859496166
0.428246613022636
0.498033735066409
1.44916363987653
-0.00998470204882477
0.00678986265768556
1.01927104711815
0.957738643426954
0.786947623748416
1.28961053233286
-1.4168542050632
0.135680160636392
1.46265508097346
0.495821591446535
1.27718137641215
0.443121828612795
1.34509418039941
1.91317239497365
0.227789900885698
-0.0946514037167858
-1.37779508602292
-1.11747845098693
5476.4320919547
-0.245762458591348
-1.4207595311713
2.52637472163316
-2.51833505361223
-2.28803879619189
-0.0229777221607335
0.551954147954621
0.445792807971067
2.85804162317518
0.733515420200271
2.06820960503683
-0.354826276121732
0.567956410948355
1.46025952177705
-1.05374360412248
-0.69596862759163
1.54321779434101
1.05366326951953
1.73734542796118
-2.95264417916387
0.571189447474094
1.13141377092928
0.360466914462323
0.6913173367059
-0.334556565073352
-0.304174869594288
0.390998891457648
-1.20518539249191
1.29384271937366
-0.417362004395697
1.88223516661452
0.34749707830852
0.400361728611523
0.957205641207397
-1.37133054992251
0.0417622655738982
-3301.6451685869
0.706150859696297
-2240.40844289769
0.0170582443493538
3442.28931444917
0.671701189586575
-2.33328744862246
-0.433507305503683
0.285133381306893
-0.117222374314147
-0.355852460880201
2.13496563845849
4424.40065371767
0.625085276461865
0.0465162367214044
-1.82561131406814
0.559149346715492
-1.00842736285689
0.509118696330326
-0.270592389703214
-0.20843143667978
1.4955310185286
0.187964576978022
-0.072922529453306
-1.27098845581641
-0.839583649863663
0.447354147131817
-0.0317397438377262
2.60653006573301
-0.0547499580494913
0.274214916348287
-0.629098502666604
-0.130645189306517
1.56920527539506
0.128393103730625
0.49802129185213
-0.829974526915779
-1.04740246612576
-1.13306116263271
0.0104592871206099
-0.660353573882841
0.0973116196651844
2.09260910906534
-0.761804339178029
0.986992334714721
1783.59554043435
-1.345361493976
-12096.8517891547
1.53882702670497
0.708382227370354
-0.025388747623114
1.81153963290232
0.163403110466512
0.954786436466587
0.890397761925994
1.6006736407218
-0.431500328069645
-1.193445071998
1.31908455810025
-0.344251783023643
0.53294468653603
0.527533314640834
-1.51447013546087
0.951520233554304
-1.10172851331353
1.48832333038914
1.52720421712318
-0.153555822817712
1.08671000766888
-0.106031163959467
-0.169597974303745
0.959829130595579
9219.47637310863
2.00944311626124
-6736.54333739821
-0.5260152434077
-0.09780281941525
-0.564275404240421
0.402609684030481
-0.190488146081715
-0.202794949133405
0.170352569962674
-0.235348408996899
-0.813652800263583
0.696229068947078
-0.800132284207327
-0.0257477475447761
0.217071902760752
0.39257328164249
0.832401570141698
0.505376688511374
-9300.39012933398
-0.968627025385493
-1.50162995325795
-11241.2167946057
0.473145102971962
-0.538001494919578
0.656737970767928
-18549.5102222811
1.29850108220997
1.95918991379478
-2.35668885876219
-0.133536538013847
0.141880284678648
-1.20699485337827
