X 10
Y 100
227 18 171 212 147 204 160 53 -140 -133
185 -52 -189 30 125 97 93 134 94 -136
-18 -1 143 125 84 92 154 193 16 83
-31 -164 102 143 97 125 127 160 -164 178
-196 126 182 -6 -97 -17 -26 -105 152 184
85 -143 157 -34 89 21 88 189 -133 -78
-31 -198 -88 -173 -195 196 -160 165 173 -160
-168 135 38 -174 62 87 142 36 -83 -174
0 -141 160 -160 -70 180 153 140 25 -108
67 -139 175 -43 -28 -130 -18 -102 72 -154
80 -143 124 85 -21 172 151 -136 -191 -133
-71 48 -138 112 -149 132 85 -75 69 86
-91 -120 14 58 52 57 18 -94 158 133
185 -83 78 -142 -162 -172 52 -29 -169 104
139 54 87 195 -55 13 -159 -14 91 105
186 23 135 -131 -120 -28 124 -187 -159 111
126 -66 18 -138 198 -153 72 131 154 83
-23 -185 137 -8 -161 -194 177 -200 -174 -159
-193 -94 -68 -67 20 -89 -105 -133 101 102
-97 68 46 -40 -101 73 -50 156 57 -54
-29 -84 -91 -34 73 -22 -191 199 -50 171
175 184 123 -7 -127 -113 -54 -41 86 104
135 -90 14 62 50 -151 -5 -192 -22 174
-69 122 -198 -164 21 -75 -189 105 195 52
-66 -4 -10 -97 186 197 21 53 42 100
-100 -7 -148 -75 -189 -161 8 -58 34 115
-126 131 71 -88 120 -109 -45 157 122 -153
-165 -185 82 -88 -10 -137 184 -135 132 -153
-177 -75 6 71 -123 8 -155 58 -51 7
164 37 -45 -88 -74 157 184 -103 -124 -188
-67 192 117 -200 -21 -115 29 -172 26 97
-170 174 3 -42 178 70 24 -93 -198 -9
28 -171 -15 -30 33 79 145 -17 37 28
-72 -82 -180 -92 150 78 143 -125 -55 -161
-22 150 -144 -194 71 80 -105 -155 -13 135
-49 -21 0 187 108 -31 -72 41 49 134
134 26 -146 48 -122 71 152 176 27 -167
-153 136 -148 -170 -158 21 180 82 -17 -25
-87 -29 20 -174 118 -115 -60 -27 63 -71
16 -27 -78 -87 200 -170 72 49 -62 13
162 -32 -156 -37 -83 134 137 52 -36 -195
120 153 125 166 57 -52 -169 75 -4 182
156 6 7 -68 20 -107 -38 83 112 151
-50 -79 -55 -105 136 -186 38 -132 -104 -187
-174 -124 -29 -195 142 135 197 58 120 53
106 -71 -62 154 79 -68 45 -4 -25 -62
-105 -124 -30 131 34 -30 3 -63 108 -147
100 -166 -8 -8 -191 117 -197 -29 169 129
-191 -71 -21 8 -94 71 26 180 71 48
197 75 -54 180 23 -66 6 35 -26 -90
155 117 192 94 -115 -54 -75 -100 -164 17
45 -57 47 -184 -80 -158 -50 -173 -49 153
-186 -162 54 59 -87 34 -88 -124 -156 155
188 -116 64 -166 -130 80 75 28 -99 117
190 59 126 -173 -40 189 7 124 131 70
-28 115 137 -162 -32 73 127 -181 -38 193
-199 -188 188 -70 93 -29 183 37 -122 76
-58 -1 22 128 33 -186 49 129 118 9
145 -123 -39 1 51 119 160 152 71 156
174 -17 -125 123 149 -113 -5 -110 140 129
-29 -100 -179 -181 148 95 -144 66 -98 82
29 140 -122 -200 98 -8 0 193 101 -178
49 158 -10 56 143 33 134 -78 194 195
119 47 -7 178 -139 -16 143 197 -162 -38
80 -143 -163 -150 159 92 -173 -104 101 -188
-176 82 -28 103 -165 160 -33 19 -5 70
110 -12 91 -11 48 25 -187 -65 96 -122
89 -189 21 -100 -155 -16 -199 -57 -190 81
-45 99 -27 43 -134 -135 140 -33 79 -105
-49 74 113 167 -107 146 164 74 -107 -116
141 -172 77 126 -91 -159 146 -76 -95 -1
168 -191 -82 -36 7 45 129 -87 26 -38
112 -146 154 -152 123 69 -42 138 80 -127
-144 43 167 160 -63 -49 51 161 -61 158
55 -84 61 -66 -184 18 87 -1 169 191
57 172 -7 180 -48 143 -37 -66 -171 -151
115 22 106 -170 142 80 199 169 83 -13
-164 167 18 -17 -158 -174 94 129 24 154
-143 -114 27 194 -121 26 -177 -90 -163 140
78 149 84 -143 165 31 16 129 -13 28
164 2 104 20 -50 69 -169 177 190 68
0 -96 -28 -178 133 -83 -85 173 16 -75
3 98 -105 -135 -177 196 121 -153 94 -146
127 -146 190 34 77 -20 -79 106 -151 -166
12 57 87 -107 -148 -97 -135 -131 -195 80
100 -49 -58 134 194 45 -140 -40 -77 -115
-188 129 -49 -100 -78 14 -31 96 51 18
8 -48 -157 143 -116 171 45 -44 71 101
113 -81 85 84 78 -15 195 -176 118 -143
113 -95 139 66 -44 135 -67 131 -15 -142
98 142 -141 32 -141 125 -151 -159 -65 146
126 108 41 -115 -45 -70 129 -101 -1 37
-120 -87 -59 -45 165 36 26 -146 -146 -14
-84 -175 -11 185 94 -145 -178 141 57 -29
79 -137 -158 -14 -50 61 151 -157 181 128
49 159 112 101 -120 27 162 58 140 149
14 0 116 -96 54 96 -121 -159 -167 163
52 -34 -57 27 60 -40 105 55 -133 -192
191 108 121 171 -162 162 127 80 99 56
-168 -66 128 -41 168 67 80 -98 -31 5
